54 1547499452 244.200000 -1.000000 -101.000000 0.000000 0.000000
54 1547499453 244.200000 -1.000000 -101.000000 0.000000 0.000000
54 1547499454 244.200000 -1.000000 -101.000000 0.000000 0.000000
54 1547499455 244.200000 -1.000000 -101.000000 0.000000 0.000000
59 1547499452 4.000000 -1.000000 -101.000000 0.000000 0.000000
59 1547499453 4.000000 -1.000000 -101.000000 0.000000 0.000000
59 1547499454 4.000000 -1.000000 -101.000000 0.000000 0.000000
59 1547499455 4.000000 -1.000000 -101.000000 0.000000 0.000000
54 1547499456 244.200000 -1.000000 -101.000000 0.000000 0.000000
54 1547499457 79.000000 -1.000000 -101.000000 0.000000 0.000000
54 1547499458 79.000000 -1.000000 -101.000000 0.000000 0.000000
54 1547499459 79.000000 -1.000000 -101.000000 0.000000 0.000000
54 1547499460 79.000000 -1.000000 -101.000000 0.000000 0.000000
59 1547499456 4.000000 -1.000000 -101.000000 0.000000 0.000000
59 1547499457 1.600000 -1.000000 -101.000000 0.000000 0.000000
59 1547499458 1.600000 -1.000000 -101.000000 0.000000 0.000000
59 1547499459 1.600000 -1.000000 -101.000000 0.000000 0.000000
59 1547499460 1.600000 -1.000000 -101.000000 0.000000 0.000000
54 1547499461 79.000000 -1.000000 -101.000000 0.000000 0.000000
54 1547499462 84.400000 -1.000000 -101.000000 0.000000 0.000000
54 1547499463 84.400000 -1.000000 -101.000000 0.000000 0.000000
54 1547499464 84.400000 -1.000000 -101.000000 0.000000 0.000000
54 1547499465 84.400000 -1.000000 -101.000000 0.000000 0.000000
59 1547499461 1.600000 -1.000000 -101.000000 0.000000 0.000000
59 1547499462 1.200000 -1.000000 -101.000000 0.000000 0.000000
59 1547499463 1.200000 -1.000000 -101.000000 0.000000 0.000000
59 1547499464 1.200000 -1.000000 -101.000000 0.000000 0.000000
59 1547499465 1.200000 -1.000000 -101.000000 0.000000 0.000000
54 1547499466 84.400000 -1.000000 -101.000000 0.000000 0.000000
54 1547499467 79.800000 -1.000000 -101.000000 0.000000 0.000000
54 1547499468 79.800000 -1.000000 -101.000000 0.000000 0.000000
54 1547499469 79.800000 -1.000000 -101.000000 0.000000 0.000000
54 1547499470 79.800000 -1.000000 -101.000000 0.000000 0.000000
59 1547499466 1.200000 -1.000000 -101.000000 0.000000 0.000000
59 1547499467 1.200000 -1.000000 -101.000000 0.000000 0.000000
59 1547499468 1.200000 -1.000000 -101.000000 0.000000 0.000000
59 1547499469 1.200000 -1.000000 -101.000000 0.000000 0.000000
59 1547499470 1.200000 -1.000000 -101.000000 0.000000 0.000000
54 1547499471 79.800000 -1.000000 -101.000000 0.000000 0.000000
54 1547499472 191.400000 -1.000000 -101.000000 0.000000 0.000000
54 1547499473 191.400000 -1.000000 -101.000000 0.000000 0.000000
54 1547499474 191.400000 -1.000000 -101.000000 0.000000 0.000000
54 1547499475 191.400000 -1.000000 -101.000000 0.000000 0.000000
59 1547499471 1.200000 -1.000000 -101.000000 0.000000 0.000000
59 1547499472 3.200000 -1.000000 -101.000000 0.000000 0.000000
59 1547499473 3.200000 -1.000000 -101.000000 0.000000 0.000000
59 1547499474 3.200000 -1.000000 -101.000000 0.000000 0.000000
59 1547499475 3.200000 -1.000000 -101.000000 0.000000 0.000000
54 1547499476 191.400000 -1.000000 -101.000000 0.000000 0.000000
54 1547499477 234.200000 -1.000000 -101.000000 0.000000 0.000000
54 1547499478 234.200000 -1.000000 -101.000000 0.000000 0.000000
54 1547499479 234.200000 -1.000000 -101.000000 0.000000 0.000000
54 1547499480 234.200000 -1.000000 -101.000000 0.000000 0.000000
59 1547499476 3.200000 -1.000000 -101.000000 0.000000 0.000000
59 1547499477 3.600000 -1.000000 -101.000000 0.000000 0.000000
59 1547499478 3.600000 -1.000000 -101.000000 0.000000 0.000000
59 1547499479 3.600000 -1.000000 -101.000000 0.000000 0.000000
59 1547499480 3.600000 -1.000000 -101.000000 0.000000 0.000000
54 1547499481 234.200000 -1.000000 -101.000000 0.000000 0.000000
54 1547499482 156.000000 -1.000000 -101.000000 0.000000 0.000000
54 1547499483 156.000000 -1.000000 -101.000000 0.000000 0.000000
54 1547499484 156.000000 -1.000000 -101.000000 0.000000 0.000000
54 1547499485 156.000000 -1.000000 -101.000000 0.000000 0.000000
59 1547499481 3.600000 -1.000000 -101.000000 0.000000 0.000000
59 1547499482 2.400000 -1.000000 -101.000000 0.000000 0.000000
59 1547499483 2.400000 -1.000000 -101.000000 0.000000 0.000000
59 1547499484 2.400000 -1.000000 -101.000000 0.000000 0.000000
59 1547499485 2.400000 -1.000000 -101.000000 0.000000 0.000000
54 1547499486 156.000000 -1.000000 -101.000000 0.000000 0.000000
54 1547499487 198.400000 -1.000000 -101.000000 0.000000 0.000000
54 1547499488 198.400000 -1.000000 -101.000000 0.000000 0.000000
54 1547499489 198.400000 -1.000000 -101.000000 0.000000 0.000000
54 1547499490 198.400000 -1.000000 -101.000000 0.000000 0.000000
59 1547499486 2.400000 -1.000000 -101.000000 0.000000 0.000000
59 1547499487 2.400000 -1.000000 -101.000000 0.000000 0.000000
59 1547499488 2.400000 -1.000000 -101.000000 0.000000 0.000000
59 1547499489 2.400000 -1.000000 -101.000000 0.000000 0.000000
59 1547499490 2.400000 -1.000000 -101.000000 0.000000 0.000000
54 1547499491 198.400000 -1.000000 -101.000000 0.000000 0.000000
54 1547499492 68.600000 -1.000000 -101.000000 0.000000 0.000000
54 1547499493 68.600000 -1.000000 -101.000000 0.000000 0.000000
54 1547499494 68.600000 -1.000000 -101.000000 0.000000 0.000000
54 1547499495 68.600000 -1.000000 -101.000000 0.000000 0.000000
59 1547499491 2.400000 -1.000000 -101.000000 0.000000 0.000000
59 1547499492 2.000000 -1.000000 -101.000000 0.000000 0.000000
59 1547499493 2.000000 -1.000000 -101.000000 0.000000 0.000000
59 1547499494 2.000000 -1.000000 -101.000000 0.000000 0.000000
59 1547499495 2.000000 -1.000000 -101.000000 0.000000 0.000000
54 1547499496 68.600000 -1.000000 -101.000000 0.000000 0.000000
54 1547499497 216.600000 -1.000000 -101.000000 0.000000 0.000000
54 1547499498 216.600000 -1.000000 -101.000000 0.000000 0.000000
54 1547499499 216.600000 -1.000000 -101.000000 0.000000 0.000000
54 1547499500 216.600000 -1.000000 -101.000000 0.000000 0.000000
59 1547499496 2.000000 -1.000000 -101.000000 0.000000 0.000000
59 1547499497 3.200000 -1.000000 -101.000000 0.000000 0.000000
59 1547499498 3.200000 -1.000000 -101.000000 0.000000 0.000000
59 1547499499 3.200000 -1.000000 -101.000000 0.000000 0.000000
59 1547499500 3.200000 -1.000000 -101.000000 0.000000 0.000000
54 1547499501 216.600000 -1.000000 -101.000000 0.000000 0.000000
54 1547499502 221.800000 -1.000000 -101.000000 0.000000 0.000000
54 1547499503 221.800000 -1.000000 -101.000000 0.000000 0.000000
54 1547499504 221.800000 -1.000000 -101.000000 0.000000 0.000000
54 1547499505 221.800000 -1.000000 -101.000000 0.000000 0.000000
59 1547499501 3.200000 -1.000000 -101.000000 0.000000 0.000000
59 1547499502 2.800000 -1.000000 -101.000000 0.000000 0.000000
59 1547499503 2.800000 -1.000000 -101.000000 0.000000 0.000000
59 1547499504 2.800000 -1.000000 -101.000000 0.000000 0.000000
59 1547499505 2.800000 -1.000000 -101.000000 0.000000 0.000000
54 1547499506 221.800000 -1.000000 -101.000000 0.000000 0.000000
54 1547499507 156.400000 -1.000000 -101.000000 0.000000 0.000000
54 1547499508 156.400000 -1.000000 -101.000000 0.000000 0.000000
54 1547499509 156.400000 -1.000000 -101.000000 0.000000 0.000000
54 1547499510 156.400000 -1.000000 -101.000000 0.000000 0.000000
59 1547499506 2.800000 -1.000000 -101.000000 0.000000 0.000000
59 1547499507 3.200000 -1.000000 -101.000000 0.000000 0.000000
59 1547499508 3.200000 -1.000000 -101.000000 0.000000 0.000000
59 1547499509 3.200000 -1.000000 -101.000000 0.000000 0.000000
59 1547499510 3.200000 -1.000000 -101.000000 0.000000 0.000000
54 1547499511 156.400000 -1.000000 -101.000000 0.000000 0.000000
54 1547499512 106.400000 -1.000000 -101.000000 0.000000 0.000000
54 1547499513 106.400000 -1.000000 -101.000000 0.000000 0.000000
54 1547499514 106.400000 -1.000000 -101.000000 0.000000 0.000000
54 1547499515 106.400000 -1.000000 -101.000000 0.000000 0.000000
59 1547499511 3.200000 -1.000000 -101.000000 0.000000 0.000000
59 1547499512 1.600000 -1.000000 -101.000000 0.000000 0.000000
59 1547499513 1.600000 -1.000000 -101.000000 0.000000 0.000000
59 1547499514 1.600000 -1.000000 -101.000000 0.000000 0.000000
59 1547499515 1.600000 -1.000000 -101.000000 0.000000 0.000000
54 1547499516 106.400000 -1.000000 -101.000000 0.000000 0.000000
54 1547499517 93.800000 -1.000000 -101.000000 0.000000 0.000000
54 1547499518 93.800000 -1.000000 -101.000000 0.000000 0.000000
54 1547499519 93.800000 -1.000000 -101.000000 0.000000 0.000000
54 1547499520 93.800000 -1.000000 -101.000000 0.000000 0.000000
59 1547499516 1.600000 -1.000000 -101.000000 0.000000 0.000000
59 1547499517 2.000000 -1.000000 -101.000000 0.000000 0.000000
59 1547499518 2.000000 -1.000000 -101.000000 0.000000 0.000000
59 1547499519 2.000000 -1.000000 -101.000000 0.000000 0.000000
59 1547499520 2.000000 -1.000000 -101.000000 0.000000 0.000000
54 1547499521 93.800000 -1.000000 -101.000000 0.000000 0.000000
54 1547499522 194.800000 -1.000000 -101.000000 0.000000 0.000000
54 1547499523 194.800000 -1.000000 -101.000000 0.000000 0.000000
54 1547499524 194.800000 -1.000000 -101.000000 0.000000 0.000000
54 1547499525 194.800000 -1.000000 -101.000000 0.000000 0.000000
59 1547499521 2.000000 -1.000000 -101.000000 0.000000 0.000000
59 1547499522 2.800000 -1.000000 -101.000000 0.000000 0.000000
59 1547499523 2.800000 -1.000000 -101.000000 0.000000 0.000000
59 1547499524 2.800000 -1.000000 -101.000000 0.000000 0.000000
59 1547499525 2.800000 -1.000000 -101.000000 0.000000 0.000000
54 1547499526 194.800000 -1.000000 -101.000000 0.000000 0.000000
54 1547499527 277.200000 -1.000000 -101.000000 0.000000 0.000000
54 1547499528 277.200000 -1.000000 -101.000000 0.000000 0.000000
54 1547499529 277.200000 -1.000000 -101.000000 0.000000 0.000000
54 1547499530 277.200000 -1.000000 -101.000000 0.000000 0.000000
59 1547499526 2.800000 -1.000000 -101.000000 0.000000 0.000000
59 1547499527 1.600000 -1.000000 -101.000000 0.000000 0.000000
59 1547499528 1.600000 -1.000000 -101.000000 0.000000 0.000000
59 1547499529 1.600000 -1.000000 -101.000000 0.000000 0.000000
59 1547499530 1.600000 -1.000000 -101.000000 0.000000 0.000000
54 1547499531 277.200000 -1.000000 -101.000000 0.000000 0.000000
54 1547499532 134.600000 -1.000000 -101.000000 0.000000 0.000000
54 1547499533 134.600000 -1.000000 -101.000000 0.000000 0.000000
54 1547499534 134.600000 -1.000000 -101.000000 0.000000 0.000000
54 1547499535 134.600000 -1.000000 -101.000000 0.000000 0.000000
59 1547499531 1.600000 -1.000000 -101.000000 0.000000 0.000000
59 1547499532 4.800000 -1.000000 -101.000000 0.000000 0.000000
59 1547499533 4.800000 -1.000000 -101.000000 0.000000 0.000000
59 1547499534 4.800000 -1.000000 -101.000000 0.000000 0.000000
59 1547499535 4.800000 -1.000000 -101.000000 0.000000 0.000000
54 1547499536 134.600000 -1.000000 -101.000000 0.000000 0.000000
54 1547499537 111.000000 -1.000000 -101.000000 0.000000 0.000000
54 1547499538 111.000000 -1.000000 -101.000000 0.000000 0.000000
54 1547499539 111.000000 -1.000000 -101.000000 0.000000 0.000000
54 1547499540 111.000000 -1.000000 -101.000000 0.000000 0.000000
59 1547499536 4.800000 -1.000000 -101.000000 0.000000 0.000000
59 1547499537 2.000000 -1.000000 -101.000000 0.000000 0.000000
59 1547499538 2.000000 -1.000000 -101.000000 0.000000 0.000000
59 1547499539 2.000000 -1.000000 -101.000000 0.000000 0.000000
59 1547499540 2.000000 -1.000000 -101.000000 0.000000 0.000000
54 1547499541 111.000000 -1.000000 -101.000000 0.000000 0.000000
54 1547499542 93.200000 -1.000000 -101.000000 0.000000 0.000000
54 1547499543 93.200000 -1.000000 -101.000000 0.000000 0.000000
54 1547499544 93.200000 -1.000000 -101.000000 0.000000 0.000000
54 1547499545 93.200000 -1.000000 -101.000000 0.000000 0.000000
59 1547499541 2.000000 -1.000000 -101.000000 0.000000 0.000000
59 1547499542 1.200000 -1.000000 -101.000000 0.000000 0.000000
59 1547499543 1.200000 -1.000000 -101.000000 0.000000 0.000000
59 1547499544 1.200000 -1.000000 -101.000000 0.000000 0.000000
59 1547499545 1.200000 -1.000000 -101.000000 0.000000 0.000000
54 1547499546 93.200000 -1.000000 -101.000000 0.000000 0.000000
54 1547499547 151.600000 -1.000000 -101.000000 0.000000 0.000000
54 1547499548 151.600000 -1.000000 -101.000000 0.000000 0.000000
54 1547499549 151.600000 -1.000000 -101.000000 0.000000 0.000000
54 1547499550 151.600000 -1.000000 -101.000000 0.000000 0.000000
59 1547499546 1.200000 -1.000000 -101.000000 0.000000 0.000000
59 1547499547 2.400000 -1.000000 -101.000000 0.000000 0.000000
59 1547499548 2.400000 -1.000000 -101.000000 0.000000 0.000000
59 1547499549 2.400000 -1.000000 -101.000000 0.000000 0.000000
59 1547499550 2.400000 -1.000000 -101.000000 0.000000 0.000000
54 1547499551 151.600000 -1.000000 -101.000000 0.000000 0.000000
54 1547499552 254.600000 -1.000000 -101.000000 0.000000 0.000000
54 1547499553 254.600000 -1.000000 -101.000000 0.000000 0.000000
54 1547499554 254.600000 -1.000000 -101.000000 0.000000 0.000000
54 1547499555 254.600000 -1.000000 -101.000000 0.000000 0.000000
59 1547499551 2.400000 -1.000000 -101.000000 0.000000 0.000000
59 1547499552 1.600000 -1.000000 -101.000000 0.000000 0.000000
59 1547499553 1.600000 -1.000000 -101.000000 0.000000 0.000000
59 1547499554 1.600000 -1.000000 -101.000000 0.000000 0.000000
59 1547499555 1.600000 -1.000000 -101.000000 0.000000 0.000000
54 1547499556 254.600000 -1.000000 -101.000000 0.000000 0.000000
54 1547499557 177.200000 -1.000000 -101.000000 0.000000 0.000000
54 1547499558 177.200000 -1.000000 -101.000000 0.000000 0.000000
54 1547499559 177.200000 -1.000000 -101.000000 0.000000 0.000000
54 1547499560 177.200000 -1.000000 -101.000000 0.000000 0.000000
59 1547499556 1.600000 -1.000000 -101.000000 0.000000 0.000000
59 1547499557 3.200000 -1.000000 -101.000000 0.000000 0.000000
59 1547499558 3.200000 -1.000000 -101.000000 0.000000 0.000000
59 1547499559 3.200000 -1.000000 -101.000000 0.000000 0.000000
59 1547499560 3.200000 -1.000000 -101.000000 0.000000 0.000000
54 1547499561 177.200000 -1.000000 -101.000000 0.000000 0.000000
54 1547499562 131.200000 -1.000000 -101.000000 0.000000 0.000000
54 1547499563 131.200000 -1.000000 -101.000000 0.000000 0.000000
54 1547499564 131.200000 -1.000000 -101.000000 0.000000 0.000000
54 1547499565 131.200000 -1.000000 -101.000000 0.000000 0.000000
59 1547499561 3.200000 -1.000000 -101.000000 0.000000 0.000000
59 1547499562 4.000000 -1.000000 -101.000000 0.000000 0.000000
59 1547499563 4.000000 -1.000000 -101.000000 0.000000 0.000000
59 1547499564 4.000000 -1.000000 -101.000000 0.000000 0.000000
59 1547499565 4.000000 -1.000000 -101.000000 0.000000 0.000000
54 1547499566 131.200000 -1.000000 -101.000000 0.000000 0.000000
54 1547499567 155.400000 -1.000000 -101.000000 0.000000 0.000000
54 1547499568 155.400000 -1.000000 -101.000000 0.000000 0.000000
54 1547499569 155.400000 -1.000000 -101.000000 0.000000 0.000000
54 1547499570 155.400000 -1.000000 -101.000000 0.000000 0.000000
59 1547499566 4.000000 -1.000000 -101.000000 0.000000 0.000000
59 1547499567 2.400000 -1.000000 -101.000000 0.000000 0.000000
59 1547499568 2.400000 -1.000000 -101.000000 0.000000 0.000000
59 1547499569 2.400000 -1.000000 -101.000000 0.000000 0.000000
59 1547499570 2.400000 -1.000000 -101.000000 0.000000 0.000000
54 1547499571 155.400000 -1.000000 -101.000000 0.000000 0.000000
54 1547499572 113.000000 -1.000000 -101.000000 0.000000 0.000000
54 1547499573 113.000000 -1.000000 -101.000000 0.000000 0.000000
54 1547499574 113.000000 -1.000000 -101.000000 0.000000 0.000000
54 1547499575 113.000000 -1.000000 -101.000000 0.000000 0.000000
59 1547499571 2.400000 -1.000000 -101.000000 0.000000 0.000000
59 1547499572 1.600000 -1.000000 -101.000000 0.000000 0.000000
59 1547499573 1.600000 -1.000000 -101.000000 0.000000 0.000000
59 1547499574 1.600000 -1.000000 -101.000000 0.000000 0.000000
59 1547499575 1.600000 -1.000000 -101.000000 0.000000 0.000000
54 1547499576 113.000000 -1.000000 -101.000000 0.000000 0.000000
54 1547499577 127.800000 -1.000000 -101.000000 0.000000 0.000000
54 1547499578 127.800000 -1.000000 -101.000000 0.000000 0.000000
54 1547499579 127.800000 -1.000000 -101.000000 0.000000 0.000000
54 1547499580 127.800000 -1.000000 -101.000000 0.000000 0.000000
59 1547499576 1.600000 -1.000000 -101.000000 0.000000 0.000000
59 1547499577 1.600000 -1.000000 -101.000000 0.000000 0.000000
59 1547499578 1.600000 -1.000000 -101.000000 0.000000 0.000000
59 1547499579 1.600000 -1.000000 -101.000000 0.000000 0.000000
59 1547499580 1.600000 -1.000000 -101.000000 0.000000 0.000000
54 1547499581 127.800000 -1.000000 -101.000000 0.000000 0.000000
54 1547499582 275.400000 -1.000000 -101.000000 0.000000 0.000000
54 1547499583 275.400000 -1.000000 -101.000000 0.000000 0.000000
54 1547499584 275.400000 -1.000000 -101.000000 0.000000 0.000000
54 1547499585 275.400000 -1.000000 -101.000000 0.000000 0.000000
59 1547499581 1.600000 -1.000000 -101.000000 0.000000 0.000000
59 1547499582 0.800000 -1.000000 -101.000000 0.000000 0.000000
59 1547499583 0.800000 -1.000000 -101.000000 0.000000 0.000000
59 1547499584 0.800000 -1.000000 -101.000000 0.000000 0.000000
59 1547499585 0.800000 -1.000000 -101.000000 0.000000 0.000000
54 1547499586 275.400000 -1.000000 -101.000000 0.000000 0.000000
54 1547499587 154.200000 -1.000000 -101.000000 0.000000 0.000000
54 1547499588 154.200000 -1.000000 -101.000000 0.000000 0.000000
54 1547499589 154.200000 -1.000000 -101.000000 0.000000 0.000000
54 1547499590 154.200000 -1.000000 -101.000000 0.000000 0.000000
59 1547499586 0.800000 -1.000000 -101.000000 0.000000 0.000000
59 1547499587 4.400000 -1.000000 -101.000000 0.000000 0.000000
59 1547499588 4.400000 -1.000000 -101.000000 0.000000 0.000000
59 1547499589 4.400000 -1.000000 -101.000000 0.000000 0.000000
59 1547499590 4.400000 -1.000000 -101.000000 0.000000 0.000000
54 1547499591 154.200000 -1.000000 -101.000000 0.000000 0.000000
54 1547499592 105.800000 -1.000000 -101.000000 0.000000 0.000000
54 1547499593 105.800000 -1.000000 -101.000000 0.000000 0.000000
54 1547499594 105.800000 -1.000000 -101.000000 0.000000 0.000000
54 1547499595 105.800000 -1.000000 -101.000000 0.000000 0.000000
59 1547499591 4.400000 -1.000000 -101.000000 0.000000 0.000000
59 1547499592 4.000000 -1.000000 -101.000000 0.000000 0.000000
59 1547499593 4.000000 -1.000000 -101.000000 0.000000 0.000000
59 1547499594 4.000000 -1.000000 -101.000000 0.000000 0.000000
59 1547499595 4.000000 -1.000000 -101.000000 0.000000 0.000000
54 1547499596 105.800000 -1.000000 -101.000000 0.000000 0.000000
54 1547499597 116.200000 -1.000000 -101.000000 0.000000 0.000000
54 1547499598 116.200000 -1.000000 -101.000000 0.000000 0.000000
54 1547499599 116.200000 -1.000000 -101.000000 0.000000 0.000000
54 1547499600 116.200000 -1.000000 -101.000000 0.000000 0.000000
59 1547499596 4.000000 -1.000000 -101.000000 0.000000 0.000000
59 1547499597 2.000000 -1.000000 -101.000000 0.000000 0.000000
59 1547499598 2.000000 -1.000000 -101.000000 0.000000 0.000000
59 1547499599 2.000000 -1.000000 -101.000000 0.000000 0.000000
59 1547499600 2.000000 -1.000000 -101.000000 0.000000 0.000000
54 1547499601 116.200000 -1.000000 -101.000000 0.000000 0.000000
54 1547499602 89.200000 -1.000000 -101.000000 0.000000 0.000000
54 1547499603 89.200000 -1.000000 -101.000000 0.000000 0.000000
54 1547499604 89.200000 -1.000000 -101.000000 0.000000 0.000000
54 1547499605 89.200000 -1.000000 -101.000000 0.000000 0.000000
54 1547499606 89.200000 -1.000000 -101.000000 0.000000 0.000000
54 1547499607 128.000000 -1.000000 -101.000000 0.000000 0.000000
54 1547499608 128.000000 -1.000000 -101.000000 0.000000 0.000000
54 1547499609 128.000000 -1.000000 -101.000000 0.000000 0.000000
54 1547499610 128.000000 -1.000000 -101.000000 0.000000 0.000000
59 1547499601 2.000000 -1.000000 -101.000000 0.000000 0.000000
59 1547499602 1.200000 -1.000000 -101.000000 0.000000 0.000000
59 1547499603 1.200000 -1.000000 -101.000000 0.000000 0.000000
59 1547499604 1.200000 -1.000000 -101.000000 0.000000 0.000000
59 1547499605 1.200000 -1.000000 -101.000000 0.000000 0.000000
59 1547499606 1.200000 -1.000000 -101.000000 0.000000 0.000000
59 1547499607 1.200000 -1.000000 -101.000000 0.000000 0.000000
59 1547499608 1.200000 -1.000000 -101.000000 0.000000 0.000000
59 1547499609 1.200000 -1.000000 -101.000000 0.000000 0.000000
59 1547499610 1.200000 -1.000000 -101.000000 0.000000 0.000000
54 1547499611 128.000000 -1.000000 -101.000000 0.000000 0.000000
54 1547499612 332.200000 -1.000000 -101.000000 0.000000 0.000000
54 1547499613 332.200000 -1.000000 -101.000000 0.000000 0.000000
54 1547499614 332.200000 -1.000000 -101.000000 0.000000 0.000000
54 1547499615 332.200000 -1.000000 -101.000000 0.000000 0.000000
59 1547499611 1.200000 -1.000000 -101.000000 0.000000 0.000000
59 1547499612 1.600000 -1.000000 -101.000000 0.000000 0.000000
59 1547499613 1.600000 -1.000000 -101.000000 0.000000 0.000000
59 1547499614 1.600000 -1.000000 -101.000000 0.000000 0.000000
59 1547499615 1.600000 -1.000000 -101.000000 0.000000 0.000000
54 1547499616 332.200000 -1.000000 -101.000000 0.000000 0.000000
54 1547499617 141.000000 -1.000000 -101.000000 0.000000 0.000000
54 1547499618 141.000000 -1.000000 -101.000000 0.000000 0.000000
54 1547499619 141.000000 -1.000000 -101.000000 0.000000 0.000000
54 1547499620 141.000000 -1.000000 -101.000000 0.000000 0.000000
59 1547499616 1.600000 -1.000000 -101.000000 0.000000 0.000000
59 1547499617 1.600000 -1.000000 -101.000000 0.000000 0.000000
59 1547499618 1.600000 -1.000000 -101.000000 0.000000 0.000000
59 1547499619 1.600000 -1.000000 -101.000000 0.000000 0.000000
59 1547499620 1.600000 -1.000000 -101.000000 0.000000 0.000000
54 1547499621 141.000000 -1.000000 -101.000000 0.000000 0.000000
54 1547499622 99.800000 -1.000000 -101.000000 0.000000 0.000000
54 1547499623 99.800000 -1.000000 -101.000000 0.000000 0.000000
54 1547499624 99.800000 -1.000000 -101.000000 0.000000 0.000000
54 1547499625 99.800000 -1.000000 -101.000000 0.000000 0.000000
59 1547499621 1.600000 -1.000000 -101.000000 0.000000 0.000000
59 1547499622 7.200000 -1.000000 -101.000000 0.000000 0.000000
59 1547499623 7.200000 -1.000000 -101.000000 0.000000 0.000000
59 1547499624 7.200000 -1.000000 -101.000000 0.000000 0.000000
59 1547499625 7.200000 -1.000000 -101.000000 0.000000 0.000000
54 1547499626 99.800000 -1.000000 -101.000000 0.000000 0.000000
54 1547499627 46.600000 -1.000000 -101.000000 0.000000 0.000000
54 1547499628 46.600000 -1.000000 -101.000000 0.000000 0.000000
54 1547499629 46.600000 -1.000000 -101.000000 0.000000 0.000000
54 1547499630 46.600000 -1.000000 -101.000000 0.000000 0.000000
59 1547499626 7.200000 -1.000000 -101.000000 0.000000 0.000000
59 1547499627 0.400000 -1.000000 -101.000000 0.000000 0.000000
59 1547499628 0.400000 -1.000000 -101.000000 0.000000 0.000000
59 1547499629 0.400000 -1.000000 -101.000000 0.000000 0.000000
59 1547499630 0.400000 -1.000000 -101.000000 0.000000 0.000000
54 1547499631 46.600000 -1.000000 -101.000000 0.000000 0.000000
54 1547499632 139.600000 -1.000000 -101.000000 0.000000 0.000000
54 1547499633 139.600000 -1.000000 -101.000000 0.000000 0.000000
54 1547499634 139.600000 -1.000000 -101.000000 0.000000 0.000000
54 1547499635 139.600000 -1.000000 -101.000000 0.000000 0.000000
59 1547499631 0.400000 -1.000000 -101.000000 0.000000 0.000000
59 1547499632 1.600000 -1.000000 -101.000000 0.000000 0.000000
59 1547499633 1.600000 -1.000000 -101.000000 0.000000 0.000000
59 1547499634 1.600000 -1.000000 -101.000000 0.000000 0.000000
59 1547499635 1.600000 -1.000000 -101.000000 0.000000 0.000000
54 1547499636 139.600000 -1.000000 -101.000000 0.000000 0.000000
54 1547499637 64.200000 -1.000000 -101.000000 0.000000 0.000000
54 1547499638 64.200000 -1.000000 -101.000000 0.000000 0.000000
54 1547499639 64.200000 -1.000000 -101.000000 0.000000 0.000000
54 1547499640 64.200000 -1.000000 -101.000000 0.000000 0.000000
59 1547499636 1.600000 -1.000000 -101.000000 0.000000 0.000000
59 1547499637 1.200000 -1.000000 -101.000000 0.000000 0.000000
59 1547499638 1.200000 -1.000000 -101.000000 0.000000 0.000000
59 1547499639 1.200000 -1.000000 -101.000000 0.000000 0.000000
59 1547499640 1.200000 -1.000000 -101.000000 0.000000 0.000000
54 1547499641 64.200000 -1.000000 -101.000000 0.000000 0.000000
54 1547499642 322.200000 -1.000000 -101.000000 0.000000 0.000000
54 1547499643 322.200000 -1.000000 -101.000000 0.000000 0.000000
54 1547499644 322.200000 -1.000000 -101.000000 0.000000 0.000000
54 1547499645 322.200000 -1.000000 -101.000000 0.000000 0.000000
59 1547499641 1.200000 -1.000000 -101.000000 0.000000 0.000000
59 1547499642 0.800000 -1.000000 -101.000000 0.000000 0.000000
59 1547499643 0.800000 -1.000000 -101.000000 0.000000 0.000000
59 1547499644 0.800000 -1.000000 -101.000000 0.000000 0.000000
59 1547499645 0.800000 -1.000000 -101.000000 0.000000 0.000000
54 1547499646 322.200000 -1.000000 -101.000000 0.000000 0.000000
54 1547499647 201.600000 -1.000000 -101.000000 0.000000 0.000000
54 1547499648 201.600000 -1.000000 -101.000000 0.000000 0.000000
54 1547499649 201.600000 -1.000000 -101.000000 0.000000 0.000000
54 1547499650 201.600000 -1.000000 -101.000000 0.000000 0.000000
59 1547499646 0.800000 -1.000000 -101.000000 0.000000 0.000000
59 1547499647 1.600000 -1.000000 -101.000000 0.000000 0.000000
59 1547499648 1.600000 -1.000000 -101.000000 0.000000 0.000000
59 1547499649 1.600000 -1.000000 -101.000000 0.000000 0.000000
59 1547499650 1.600000 -1.000000 -101.000000 0.000000 0.000000
54 1547499651 201.600000 -1.000000 -101.000000 0.000000 0.000000
54 1547499652 42.400000 -1.000000 -101.000000 0.000000 0.000000
54 1547499653 42.400000 -1.000000 -101.000000 0.000000 0.000000
54 1547499654 42.400000 -1.000000 -101.000000 0.000000 0.000000
54 1547499655 42.400000 -1.000000 -101.000000 0.000000 0.000000
54 1547499656 42.400000 -1.000000 -101.000000 0.000000 0.000000
54 1547499657 155.200000 -1.000000 -101.000000 0.000000 0.000000
54 1547499658 155.200000 -1.000000 -101.000000 0.000000 0.000000
54 1547499659 155.200000 -1.000000 -101.000000 0.000000 0.000000
54 1547499660 155.200000 -1.000000 -101.000000 0.000000 0.000000
54 1547499661 155.200000 -1.000000 -101.000000 0.000000 0.000000
54 1547499662 30.400000 -1.000000 -101.000000 0.000000 0.000000
54 1547499663 30.400000 -1.000000 -101.000000 0.000000 0.000000
54 1547499664 30.400000 -1.000000 -101.000000 0.000000 0.000000
54 1547499665 30.400000 -1.000000 -101.000000 0.000000 0.000000
54 1547499666 30.400000 -1.000000 -101.000000 0.000000 0.000000
54 1547499667 87.600000 -1.000000 -101.000000 0.000000 0.000000
54 1547499668 87.600000 -1.000000 -101.000000 0.000000 0.000000
54 1547499669 87.600000 -1.000000 -101.000000 0.000000 0.000000
54 1547499670 87.600000 -1.000000 -101.000000 0.000000 0.000000
54 1547499671 87.600000 -1.000000 -101.000000 0.000000 0.000000
54 1547499672 245.800000 -1.000000 -101.000000 0.000000 0.000000
54 1547499673 245.800000 -1.000000 -101.000000 0.000000 0.000000
54 1547499674 245.800000 -1.000000 -101.000000 0.000000 0.000000
54 1547499675 245.800000 -1.000000 -101.000000 0.000000 0.000000
54 1547499676 245.800000 -1.000000 -101.000000 0.000000 0.000000
54 1547499677 302.800000 -1.000000 -101.000000 0.000000 0.000000
54 1547499678 302.800000 -1.000000 -101.000000 0.000000 0.000000
54 1547499679 302.800000 -1.000000 -101.000000 0.000000 0.000000
54 1547499680 302.800000 -1.000000 -101.000000 0.000000 0.000000
54 1547499681 302.800000 -1.000000 -101.000000 0.000000 0.000000
54 1547499682 61.800000 -1.000000 -101.000000 0.000000 0.000000
54 1547499683 61.800000 -1.000000 -101.000000 0.000000 0.000000
54 1547499684 61.800000 -1.000000 -101.000000 0.000000 0.000000
54 1547499685 61.800000 -1.000000 -101.000000 0.000000 0.000000
54 1547499686 61.800000 -1.000000 -101.000000 0.000000 0.000000
54 1547499687 22.600000 -1.000000 -101.000000 0.000000 0.000000
54 1547499688 22.600000 -1.000000 -101.000000 0.000000 0.000000
54 1547499689 22.600000 -1.000000 -101.000000 0.000000 0.000000
54 1547499690 22.600000 -1.000000 -101.000000 0.000000 0.000000
54 1547499691 22.600000 -1.000000 -101.000000 0.000000 0.000000
54 1547499692 95.800000 -1.000000 -101.000000 0.000000 0.000000
54 1547499693 95.800000 -1.000000 -101.000000 0.000000 0.000000
54 1547499694 95.800000 -1.000000 -101.000000 0.000000 0.000000
54 1547499695 95.800000 -1.000000 -101.000000 0.000000 0.000000
59 1547499651 1.600000 -1.000000 -101.000000 0.000000 0.000000
59 1547499652 6.800000 -1.000000 -101.000000 0.000000 0.000000
59 1547499653 6.800000 -1.000000 -101.000000 0.000000 0.000000
59 1547499654 6.800000 -1.000000 -101.000000 0.000000 0.000000
59 1547499655 6.800000 -1.000000 -101.000000 0.000000 0.000000
59 1547499656 6.800000 -1.000000 -101.000000 0.000000 0.000000
59 1547499657 2.800000 -1.000000 -101.000000 0.000000 0.000000
59 1547499658 2.800000 -1.000000 -101.000000 0.000000 0.000000
59 1547499659 2.800000 -1.000000 -101.000000 0.000000 0.000000
59 1547499660 2.800000 -1.000000 -101.000000 0.000000 0.000000
59 1547499661 2.800000 -1.000000 -101.000000 0.000000 0.000000
59 1547499667 1.200000 -1.000000 -101.000000 0.000000 0.000000
59 1547499668 1.200000 -1.000000 -101.000000 0.000000 0.000000
59 1547499669 1.200000 -1.000000 -101.000000 0.000000 0.000000
59 1547499670 1.200000 -1.000000 -101.000000 0.000000 0.000000
59 1547499671 1.200000 -1.000000 -101.000000 0.000000 0.000000
59 1547499672 1.200000 -1.000000 -101.000000 0.000000 0.000000
59 1547499673 1.200000 -1.000000 -101.000000 0.000000 0.000000
59 1547499674 1.200000 -1.000000 -101.000000 0.000000 0.000000
59 1547499675 1.200000 -1.000000 -101.000000 0.000000 0.000000
59 1547499676 1.200000 -1.000000 -101.000000 0.000000 0.000000
59 1547499677 1.600000 -1.000000 -101.000000 0.000000 0.000000
59 1547499678 1.600000 -1.000000 -101.000000 0.000000 0.000000
59 1547499679 1.600000 -1.000000 -101.000000 0.000000 0.000000
59 1547499680 1.600000 -1.000000 -101.000000 0.000000 0.000000
59 1547499681 1.600000 -1.000000 -101.000000 0.000000 0.000000
59 1547499682 6.800000 -1.000000 -101.000000 0.000000 0.000000
59 1547499683 6.800000 -1.000000 -101.000000 0.000000 0.000000
59 1547499684 6.800000 -1.000000 -101.000000 0.000000 0.000000
59 1547499685 6.800000 -1.000000 -101.000000 0.000000 0.000000
59 1547499686 6.800000 -1.000000 -101.000000 0.000000 0.000000
59 1547499687 0.800000 -1.000000 -101.000000 0.000000 0.000000
59 1547499688 0.800000 -1.000000 -101.000000 0.000000 0.000000
59 1547499689 0.800000 -1.000000 -101.000000 0.000000 0.000000
59 1547499690 0.800000 -1.000000 -101.000000 0.000000 0.000000
59 1547499691 0.800000 -1.000000 -101.000000 0.000000 0.000000
59 1547499692 1.200000 -1.000000 -101.000000 0.000000 0.000000
59 1547499693 1.200000 -1.000000 -101.000000 0.000000 0.000000
59 1547499694 1.200000 -1.000000 -101.000000 0.000000 0.000000
59 1547499695 1.200000 -1.000000 -101.000000 0.000000 0.000000
54 1547499696 95.800000 -1.000000 -101.000000 0.000000 0.000000
54 1547499697 76.600000 -1.000000 -101.000000 0.000000 0.000000
54 1547499698 76.600000 -1.000000 -101.000000 0.000000 0.000000
54 1547499699 76.600000 -1.000000 -101.000000 0.000000 0.000000
54 1547499700 76.600000 -1.000000 -101.000000 0.000000 0.000000
54 1547499701 76.600000 -1.000000 -101.000000 0.000000 0.000000
54 1547499702 41.400000 -1.000000 -101.000000 0.000000 0.000000
54 1547499703 41.400000 -1.000000 -101.000000 0.000000 0.000000
54 1547499704 41.400000 -1.000000 -101.000000 0.000000 0.000000
54 1547499705 41.400000 -1.000000 -101.000000 0.000000 0.000000
59 1547499696 1.200000 -1.000000 -101.000000 0.000000 0.000000
59 1547499697 1.200000 -1.000000 -101.000000 0.000000 0.000000
59 1547499698 1.200000 -1.000000 -101.000000 0.000000 0.000000
59 1547499699 1.200000 -1.000000 -101.000000 0.000000 0.000000
59 1547499700 1.200000 -1.000000 -101.000000 0.000000 0.000000
59 1547499701 1.200000 -1.000000 -101.000000 0.000000 0.000000
59 1547499702 0.400000 -1.000000 -101.000000 0.000000 0.000000
59 1547499703 0.400000 -1.000000 -101.000000 0.000000 0.000000
59 1547499704 0.400000 -1.000000 -101.000000 0.000000 0.000000
59 1547499705 0.400000 -1.000000 -101.000000 0.000000 0.000000
54 1547499706 41.400000 -1.000000 -101.000000 0.000000 0.000000
54 1547499707 172.600000 -1.000000 -101.000000 0.000000 0.000000
54 1547499708 172.600000 -1.000000 -101.000000 0.000000 0.000000
54 1547499709 172.600000 -1.000000 -101.000000 0.000000 0.000000
54 1547499710 172.600000 -1.000000 -101.000000 0.000000 0.000000
54 1547499711 172.600000 -1.000000 -101.000000 0.000000 0.000000
54 1547499712 5.400000 -1.000000 -101.000000 0.000000 0.000000
54 1547499713 5.400000 -1.000000 -101.000000 0.000000 0.000000
54 1547499714 5.400000 -1.000000 -101.000000 0.000000 0.000000
54 1547499715 5.400000 -1.000000 -101.000000 0.000000 0.000000
54 1547499716 5.400000 -1.000000 -101.000000 0.000000 0.000000
54 1547499717 24.600000 -1.000000 -101.000000 0.000000 0.000000
54 1547499718 24.600000 -1.000000 -101.000000 0.000000 0.000000
54 1547499719 24.600000 -1.000000 -101.000000 0.000000 0.000000
54 1547499720 24.600000 -1.000000 -101.000000 0.000000 0.000000
59 1547499706 0.400000 -1.000000 -101.000000 0.000000 0.000000
59 1547499707 2.000000 -1.000000 -101.000000 0.000000 0.000000
59 1547499708 2.000000 -1.000000 -101.000000 0.000000 0.000000
59 1547499709 2.000000 -1.000000 -101.000000 0.000000 0.000000
59 1547499710 2.000000 -1.000000 -101.000000 0.000000 0.000000
59 1547499711 2.000000 -1.000000 -101.000000 0.000000 0.000000
54 1547499721 24.600000 -1.000000 -101.000000 0.000000 0.000000
54 1547499722 35.600000 -1.000000 -101.000000 0.000000 0.000000
54 1547499723 35.600000 -1.000000 -101.000000 0.000000 0.000000
54 1547499724 35.600000 -1.000000 -101.000000 0.000000 0.000000
54 1547499725 35.600000 -1.000000 -101.000000 0.000000 0.000000
54 1547499726 35.600000 -1.000000 -101.000000 0.000000 0.000000
54 1547499727 15.400000 -1.000000 -101.000000 0.000000 0.000000
54 1547499728 15.400000 -1.000000 -101.000000 0.000000 0.000000
54 1547499729 15.400000 -1.000000 -101.000000 0.000000 0.000000
54 1547499730 15.400000 -1.000000 -101.000000 0.000000 0.000000
54 1547499731 15.400000 -1.000000 -101.000000 0.000000 0.000000
54 1547499737 8.800000 -1.000000 -101.000000 0.000000 0.000000
54 1547499738 8.800000 -1.000000 -101.000000 0.000000 0.000000
54 1547499739 8.800000 -1.000000 -101.000000 0.000000 0.000000
54 1547499740 8.800000 -1.000000 -101.000000 0.000000 0.000000
54 1547499741 8.800000 -1.000000 -101.000000 0.000000 0.000000
59 1547499737 0.400000 -1.000000 -101.000000 0.000000 0.000000
59 1547499738 0.400000 -1.000000 -101.000000 0.000000 0.000000
59 1547499739 0.400000 -1.000000 -101.000000 0.000000 0.000000
59 1547499740 0.400000 -1.000000 -101.000000 0.000000 0.000000
59 1547499741 0.400000 -1.000000 -101.000000 0.000000 0.000000
59 1547499791 0.400000 -1.000000 0.400000 0.400000 1.376000
59 1547499790 0.400000 -1.000000 0.400000 0.400000 1.376000
59 1547499789 0.400000 -1.000000 0.400000 0.400000 1.376000
59 1547499788 0.400000 -1.000000 0.400000 0.400000 1.376000
59 1547499787 0.400000 -1.000000 0.400000 0.400000 1.376000
59 1547499781 0.400000 -1.000000 0.400000 0.400000 1.376000
59 1547499780 0.400000 -1.000000 0.400000 0.400000 1.376000
59 1547499779 0.400000 -1.000000 0.400000 0.400000 1.376000
59 1547499778 0.400000 -1.000000 0.400000 0.400000 1.376000
59 1547499777 0.400000 -1.000000 0.400000 0.400000 1.376000
59 1547499766 1.600000 -1.000000 1.600000 1.600000 22.016000
59 1547499765 1.600000 -1.000000 1.600000 1.600000 22.016000
59 1547499764 1.600000 -1.000000 1.600000 1.600000 22.016000
59 1547499763 1.600000 -1.000000 1.600000 1.600000 22.016000
59 1547499762 1.600000 -1.000000 1.600000 1.600000 22.016000
54 1547499805 1.000000 -1.000000 1.000000 1.000000 8.600000
54 1547499804 1.000000 -1.000000 1.000000 1.000000 8.600000
54 1547499803 1.000000 -1.000000 1.000000 1.000000 8.600000
54 1547499802 1.000000 -1.000000 1.000000 1.000000 8.600000
54 1547499801 1.400000 -1.000000 1.400000 1.400000 16.856000
54 1547499800 1.400000 -1.000000 1.400000 1.400000 16.856000
54 1547499799 1.400000 -1.000000 1.400000 1.400000 16.856000
54 1547499798 1.400000 -1.000000 1.400000 1.400000 16.856000
54 1547499797 1.400000 -1.000000 1.400000 1.400000 16.856000
54 1547499796 0.800000 -1.000000 0.800000 0.800000 5.504000
54 1547499795 0.800000 -1.000000 0.800000 0.800000 5.504000
54 1547499794 0.800000 -1.000000 0.800000 0.800000 5.504000
54 1547499793 0.800000 -1.000000 0.800000 0.800000 5.504000
54 1547499792 0.800000 -1.000000 0.800000 0.800000 5.504000
54 1547499791 4.400000 -1.000000 4.400000 4.400000 166.496000
54 1547499790 4.400000 -1.000000 4.400000 4.400000 166.496000
54 1547499789 4.400000 -1.000000 4.400000 4.400000 166.496000
54 1547499788 4.400000 -1.000000 4.400000 4.400000 166.496000
54 1547499787 4.400000 -1.000000 4.400000 4.400000 166.496000
54 1547499786 2.600000 -1.000000 2.600000 2.600000 58.136000
54 1547499785 2.600000 -1.000000 2.600000 2.600000 58.136000
54 1547499784 2.600000 -1.000000 2.600000 2.600000 58.136000
54 1547499783 2.600000 -1.000000 2.600000 2.600000 58.136000
54 1547499782 2.600000 -1.000000 2.600000 2.600000 58.136000
54 1547499781 6.000000 -1.000000 6.000000 6.000000 309.600000
54 1547499780 6.000000 -1.000000 6.000000 6.000000 309.600000
54 1547499779 6.000000 -1.000000 6.000000 6.000000 309.600000
54 1547499778 6.000000 -1.000000 6.000000 6.000000 309.600000
54 1547499777 6.000000 -1.000000 6.000000 6.000000 309.600000
54 1547499776 5.600000 -1.000000 5.600000 5.600000 269.696000
54 1547499775 5.600000 -1.000000 5.600000 5.600000 269.696000
54 1547499774 5.600000 -1.000000 5.600000 5.600000 269.696000
54 1547499773 5.600000 -1.000000 5.600000 5.600000 269.696000
54 1547499772 5.600000 -1.000000 5.600000 5.600000 269.696000
54 1547499771 0.800000 -1.000000 0.800000 0.800000 5.504000
54 1547499770 0.800000 -1.000000 0.800000 0.800000 5.504000
54 1547499769 0.800000 -1.000000 0.800000 0.800000 5.504000
54 1547499768 0.800000 -1.000000 0.800000 0.800000 5.504000
54 1547499767 0.800000 -1.000000 0.800000 0.800000 5.504000
54 1547499766 13.600000 -1.000000 13.600000 13.600000 1590.656000
54 1547499765 13.600000 -1.000000 13.600000 13.600000 1590.656000
54 1547499764 13.600000 -1.000000 13.600000 13.600000 1590.656000
54 1547499763 13.600000 -1.000000 13.600000 13.600000 1590.656000
54 1547499762 13.600000 -1.000000 13.600000 13.600000 1590.656000
54 1547499761 4.800000 -1.000000 4.800000 4.800000 198.144000
54 1547499760 4.800000 -1.000000 4.800000 4.800000 198.144000
54 1547499759 4.800000 -1.000000 4.800000 4.800000 198.144000
54 1547499758 4.800000 -1.000000 4.800000 4.800000 198.144000
54 1547499757 4.800000 -1.000000 4.800000 4.800000 198.144000
54 1547499756 0.200000 -1.000000 0.200000 0.200000 0.344000
54 1547499755 0.200000 -1.000000 0.200000 0.200000 0.344000
54 1547499754 0.200000 -1.000000 0.200000 0.200000 0.344000
54 1547499753 0.200000 -1.000000 0.200000 0.200000 0.344000
54 1547499752 0.200000 -1.000000 0.200000 0.200000 0.344000
54 1547499751 1.400000 -1.000000 1.400000 1.400000 16.856000
54 1547499750 1.400000 -1.000000 1.400000 1.400000 16.856000
54 1547499749 1.400000 -1.000000 1.400000 1.400000 16.856000
54 1547499748 1.400000 -1.000000 1.400000 1.400000 16.856000
54 1547499747 1.400000 -1.000000 1.400000 1.400000 16.856000
