49 1547499452 39.000000 -1.000000 -101.000000 0.000000 0.000000
49 1547499453 39.000000 -1.000000 -101.000000 0.000000 0.000000
49 1547499454 39.000000 -1.000000 -101.000000 0.000000 0.000000
49 1547499455 39.000000 -1.000000 -101.000000 0.000000 0.000000
52 1547499452 10.200000 -1.000000 -101.000000 0.000000 0.000000
52 1547499453 10.200000 -1.000000 -101.000000 0.000000 0.000000
52 1547499454 10.200000 -1.000000 -101.000000 0.000000 0.000000
52 1547499455 10.200000 -1.000000 -101.000000 0.000000 0.000000
49 1547499456 39.000000 -1.000000 -101.000000 0.000000 0.000000
49 1547499457 11.400000 -1.000000 -101.000000 0.000000 0.000000
49 1547499458 11.400000 -1.000000 -101.000000 0.000000 0.000000
49 1547499459 11.400000 -1.000000 -101.000000 0.000000 0.000000
49 1547499460 11.400000 -1.000000 -101.000000 0.000000 0.000000
52 1547499456 10.200000 -1.000000 -101.000000 0.000000 0.000000
52 1547499457 6.200000 -1.000000 -101.000000 0.000000 0.000000
52 1547499458 6.200000 -1.000000 -101.000000 0.000000 0.000000
52 1547499459 6.200000 -1.000000 -101.000000 0.000000 0.000000
52 1547499460 6.200000 -1.000000 -101.000000 0.000000 0.000000
49 1547499461 11.400000 -1.000000 -101.000000 0.000000 0.000000
49 1547499462 14.800000 -1.000000 -101.000000 0.000000 0.000000
49 1547499463 14.800000 -1.000000 -101.000000 0.000000 0.000000
49 1547499464 14.800000 -1.000000 -101.000000 0.000000 0.000000
49 1547499465 14.800000 -1.000000 -101.000000 0.000000 0.000000
52 1547499461 6.200000 -1.000000 -101.000000 0.000000 0.000000
52 1547499462 4.400000 -1.000000 -101.000000 0.000000 0.000000
52 1547499463 4.400000 -1.000000 -101.000000 0.000000 0.000000
52 1547499464 4.400000 -1.000000 -101.000000 0.000000 0.000000
52 1547499465 4.400000 -1.000000 -101.000000 0.000000 0.000000
49 1547499466 14.800000 -1.000000 -101.000000 0.000000 0.000000
49 1547499467 12.800000 -1.000000 -101.000000 0.000000 0.000000
49 1547499468 12.800000 -1.000000 -101.000000 0.000000 0.000000
49 1547499469 12.800000 -1.000000 -101.000000 0.000000 0.000000
49 1547499470 12.800000 -1.000000 -101.000000 0.000000 0.000000
52 1547499466 4.400000 -1.000000 -101.000000 0.000000 0.000000
52 1547499467 9.200000 -1.000000 -101.000000 0.000000 0.000000
52 1547499468 9.200000 -1.000000 -101.000000 0.000000 0.000000
52 1547499469 9.200000 -1.000000 -101.000000 0.000000 0.000000
52 1547499470 9.200000 -1.000000 -101.000000 0.000000 0.000000
49 1547499471 12.800000 -1.000000 -101.000000 0.000000 0.000000
49 1547499472 29.400000 -1.000000 -101.000000 0.000000 0.000000
49 1547499473 29.400000 -1.000000 -101.000000 0.000000 0.000000
49 1547499474 29.400000 -1.000000 -101.000000 0.000000 0.000000
49 1547499475 29.400000 -1.000000 -101.000000 0.000000 0.000000
52 1547499471 9.200000 -1.000000 -101.000000 0.000000 0.000000
52 1547499472 21.600000 -1.000000 -101.000000 0.000000 0.000000
52 1547499473 21.600000 -1.000000 -101.000000 0.000000 0.000000
52 1547499474 21.600000 -1.000000 -101.000000 0.000000 0.000000
52 1547499475 21.600000 -1.000000 -101.000000 0.000000 0.000000
49 1547499476 29.400000 -1.000000 -101.000000 0.000000 0.000000
49 1547499477 37.200000 -1.000000 -101.000000 0.000000 0.000000
49 1547499478 37.200000 -1.000000 -101.000000 0.000000 0.000000
49 1547499479 37.200000 -1.000000 -101.000000 0.000000 0.000000
49 1547499480 37.200000 -1.000000 -101.000000 0.000000 0.000000
52 1547499476 21.600000 -1.000000 -101.000000 0.000000 0.000000
52 1547499477 30.000000 -1.000000 -101.000000 0.000000 0.000000
52 1547499478 30.000000 -1.000000 -101.000000 0.000000 0.000000
52 1547499479 30.000000 -1.000000 -101.000000 0.000000 0.000000
52 1547499480 30.000000 -1.000000 -101.000000 0.000000 0.000000
49 1547499481 37.200000 -1.000000 -101.000000 0.000000 0.000000
49 1547499482 25.000000 -1.000000 -101.000000 0.000000 0.000000
49 1547499483 25.000000 -1.000000 -101.000000 0.000000 0.000000
49 1547499484 25.000000 -1.000000 -101.000000 0.000000 0.000000
49 1547499485 25.000000 -1.000000 -101.000000 0.000000 0.000000
52 1547499481 30.000000 -1.000000 -101.000000 0.000000 0.000000
52 1547499482 17.200000 -1.000000 -101.000000 0.000000 0.000000
52 1547499483 17.200000 -1.000000 -101.000000 0.000000 0.000000
52 1547499484 17.200000 -1.000000 -101.000000 0.000000 0.000000
52 1547499485 17.200000 -1.000000 -101.000000 0.000000 0.000000
49 1547499486 25.000000 -1.000000 -101.000000 0.000000 0.000000
49 1547499487 32.400000 -1.000000 -101.000000 0.000000 0.000000
49 1547499488 32.400000 -1.000000 -101.000000 0.000000 0.000000
49 1547499489 32.400000 -1.000000 -101.000000 0.000000 0.000000
49 1547499490 32.400000 -1.000000 -101.000000 0.000000 0.000000
52 1547499486 17.200000 -1.000000 -101.000000 0.000000 0.000000
52 1547499487 16.400000 -1.000000 -101.000000 0.000000 0.000000
52 1547499488 16.400000 -1.000000 -101.000000 0.000000 0.000000
52 1547499489 16.400000 -1.000000 -101.000000 0.000000 0.000000
52 1547499490 16.400000 -1.000000 -101.000000 0.000000 0.000000
49 1547499491 32.400000 -1.000000 -101.000000 0.000000 0.000000
49 1547499492 10.000000 -1.000000 -101.000000 0.000000 0.000000
49 1547499493 10.000000 -1.000000 -101.000000 0.000000 0.000000
49 1547499494 10.000000 -1.000000 -101.000000 0.000000 0.000000
49 1547499495 10.000000 -1.000000 -101.000000 0.000000 0.000000
52 1547499491 16.400000 -1.000000 -101.000000 0.000000 0.000000
52 1547499492 10.000000 -1.000000 -101.000000 0.000000 0.000000
52 1547499493 10.000000 -1.000000 -101.000000 0.000000 0.000000
52 1547499494 10.000000 -1.000000 -101.000000 0.000000 0.000000
52 1547499495 10.000000 -1.000000 -101.000000 0.000000 0.000000
49 1547499496 10.000000 -1.000000 -101.000000 0.000000 0.000000
49 1547499497 34.000000 -1.000000 -101.000000 0.000000 0.000000
49 1547499498 34.000000 -1.000000 -101.000000 0.000000 0.000000
49 1547499499 34.000000 -1.000000 -101.000000 0.000000 0.000000
49 1547499500 34.000000 -1.000000 -101.000000 0.000000 0.000000
52 1547499496 10.000000 -1.000000 -101.000000 0.000000 0.000000
52 1547499497 33.400000 -1.000000 -101.000000 0.000000 0.000000
52 1547499498 33.400000 -1.000000 -101.000000 0.000000 0.000000
52 1547499499 33.400000 -1.000000 -101.000000 0.000000 0.000000
52 1547499500 33.400000 -1.000000 -101.000000 0.000000 0.000000
49 1547499501 34.000000 -1.000000 -101.000000 0.000000 0.000000
49 1547499502 34.800000 -1.000000 -101.000000 0.000000 0.000000
49 1547499503 34.800000 -1.000000 -101.000000 0.000000 0.000000
49 1547499504 34.800000 -1.000000 -101.000000 0.000000 0.000000
49 1547499505 34.800000 -1.000000 -101.000000 0.000000 0.000000
52 1547499501 33.400000 -1.000000 -101.000000 0.000000 0.000000
52 1547499502 36.600000 -1.000000 -101.000000 0.000000 0.000000
52 1547499503 36.600000 -1.000000 -101.000000 0.000000 0.000000
52 1547499504 36.600000 -1.000000 -101.000000 0.000000 0.000000
52 1547499505 36.600000 -1.000000 -101.000000 0.000000 0.000000
49 1547499506 34.800000 -1.000000 -101.000000 0.000000 0.000000
49 1547499507 25.000000 -1.000000 -101.000000 0.000000 0.000000
49 1547499508 25.000000 -1.000000 -101.000000 0.000000 0.000000
49 1547499509 25.000000 -1.000000 -101.000000 0.000000 0.000000
49 1547499510 25.000000 -1.000000 -101.000000 0.000000 0.000000
52 1547499506 36.600000 -1.000000 -101.000000 0.000000 0.000000
52 1547499507 29.600000 -1.000000 -101.000000 0.000000 0.000000
52 1547499508 29.600000 -1.000000 -101.000000 0.000000 0.000000
52 1547499509 29.600000 -1.000000 -101.000000 0.000000 0.000000
52 1547499510 29.600000 -1.000000 -101.000000 0.000000 0.000000
49 1547499511 25.000000 -1.000000 -101.000000 0.000000 0.000000
49 1547499512 16.800000 -1.000000 -101.000000 0.000000 0.000000
49 1547499513 16.800000 -1.000000 -101.000000 0.000000 0.000000
49 1547499514 16.800000 -1.000000 -101.000000 0.000000 0.000000
49 1547499515 16.800000 -1.000000 -101.000000 0.000000 0.000000
52 1547499511 29.600000 -1.000000 -101.000000 0.000000 0.000000
52 1547499512 18.000000 -1.000000 -101.000000 0.000000 0.000000
52 1547499513 18.000000 -1.000000 -101.000000 0.000000 0.000000
52 1547499514 18.000000 -1.000000 -101.000000 0.000000 0.000000
52 1547499515 18.000000 -1.000000 -101.000000 0.000000 0.000000
49 1547499516 16.800000 -1.000000 -101.000000 0.000000 0.000000
49 1547499517 15.000000 -1.000000 -101.000000 0.000000 0.000000
49 1547499518 15.000000 -1.000000 -101.000000 0.000000 0.000000
49 1547499519 15.000000 -1.000000 -101.000000 0.000000 0.000000
49 1547499520 15.000000 -1.000000 -101.000000 0.000000 0.000000
52 1547499516 18.000000 -1.000000 -101.000000 0.000000 0.000000
52 1547499517 14.000000 -1.000000 -101.000000 0.000000 0.000000
52 1547499518 14.000000 -1.000000 -101.000000 0.000000 0.000000
52 1547499519 14.000000 -1.000000 -101.000000 0.000000 0.000000
52 1547499520 14.000000 -1.000000 -101.000000 0.000000 0.000000
49 1547499521 15.000000 -1.000000 -101.000000 0.000000 0.000000
49 1547499522 30.400000 -1.000000 -101.000000 0.000000 0.000000
49 1547499523 30.400000 -1.000000 -101.000000 0.000000 0.000000
49 1547499524 30.400000 -1.000000 -101.000000 0.000000 0.000000
49 1547499525 30.400000 -1.000000 -101.000000 0.000000 0.000000
52 1547499521 14.000000 -1.000000 -101.000000 0.000000 0.000000
52 1547499522 29.200000 -1.000000 -101.000000 0.000000 0.000000
52 1547499523 29.200000 -1.000000 -101.000000 0.000000 0.000000
52 1547499524 29.200000 -1.000000 -101.000000 0.000000 0.000000
52 1547499525 29.200000 -1.000000 -101.000000 0.000000 0.000000
49 1547499526 30.400000 -1.000000 -101.000000 0.000000 0.000000
49 1547499527 42.600000 -1.000000 -101.000000 0.000000 0.000000
49 1547499528 42.600000 -1.000000 -101.000000 0.000000 0.000000
49 1547499529 42.600000 -1.000000 -101.000000 0.000000 0.000000
49 1547499530 42.600000 -1.000000 -101.000000 0.000000 0.000000
52 1547499526 29.200000 -1.000000 -101.000000 0.000000 0.000000
52 1547499527 43.800000 -1.000000 -101.000000 0.000000 0.000000
52 1547499528 43.800000 -1.000000 -101.000000 0.000000 0.000000
52 1547499529 43.800000 -1.000000 -101.000000 0.000000 0.000000
52 1547499530 43.800000 -1.000000 -101.000000 0.000000 0.000000
49 1547499531 42.600000 -1.000000 -101.000000 0.000000 0.000000
49 1547499532 22.800000 -1.000000 -101.000000 0.000000 0.000000
49 1547499533 22.800000 -1.000000 -101.000000 0.000000 0.000000
49 1547499534 22.800000 -1.000000 -101.000000 0.000000 0.000000
49 1547499535 22.800000 -1.000000 -101.000000 0.000000 0.000000
52 1547499531 43.800000 -1.000000 -101.000000 0.000000 0.000000
52 1547499532 22.000000 -1.000000 -101.000000 0.000000 0.000000
52 1547499533 22.000000 -1.000000 -101.000000 0.000000 0.000000
52 1547499534 22.000000 -1.000000 -101.000000 0.000000 0.000000
52 1547499535 22.000000 -1.000000 -101.000000 0.000000 0.000000
49 1547499536 22.800000 -1.000000 -101.000000 0.000000 0.000000
49 1547499537 16.600000 -1.000000 -101.000000 0.000000 0.000000
49 1547499538 16.600000 -1.000000 -101.000000 0.000000 0.000000
49 1547499539 16.600000 -1.000000 -101.000000 0.000000 0.000000
49 1547499540 16.600000 -1.000000 -101.000000 0.000000 0.000000
52 1547499536 22.000000 -1.000000 -101.000000 0.000000 0.000000
52 1547499537 20.000000 -1.000000 -101.000000 0.000000 0.000000
52 1547499538 20.000000 -1.000000 -101.000000 0.000000 0.000000
52 1547499539 20.000000 -1.000000 -101.000000 0.000000 0.000000
52 1547499540 20.000000 -1.000000 -101.000000 0.000000 0.000000
49 1547499541 16.600000 -1.000000 -101.000000 0.000000 0.000000
49 1547499542 15.600000 -1.000000 -101.000000 0.000000 0.000000
49 1547499543 15.600000 -1.000000 -101.000000 0.000000 0.000000
49 1547499544 15.600000 -1.000000 -101.000000 0.000000 0.000000
49 1547499545 15.600000 -1.000000 -101.000000 0.000000 0.000000
52 1547499541 20.000000 -1.000000 -101.000000 0.000000 0.000000
52 1547499542 13.000000 -1.000000 -101.000000 0.000000 0.000000
52 1547499543 13.000000 -1.000000 -101.000000 0.000000 0.000000
52 1547499544 13.000000 -1.000000 -101.000000 0.000000 0.000000
52 1547499545 13.000000 -1.000000 -101.000000 0.000000 0.000000
49 1547499546 15.600000 -1.000000 -101.000000 0.000000 0.000000
49 1547499547 23.600000 -1.000000 -101.000000 0.000000 0.000000
49 1547499548 23.600000 -1.000000 -101.000000 0.000000 0.000000
49 1547499549 23.600000 -1.000000 -101.000000 0.000000 0.000000
49 1547499550 23.600000 -1.000000 -101.000000 0.000000 0.000000
52 1547499546 13.000000 -1.000000 -101.000000 0.000000 0.000000
52 1547499547 22.400000 -1.000000 -101.000000 0.000000 0.000000
52 1547499548 22.400000 -1.000000 -101.000000 0.000000 0.000000
52 1547499549 22.400000 -1.000000 -101.000000 0.000000 0.000000
52 1547499550 22.400000 -1.000000 -101.000000 0.000000 0.000000
49 1547499551 23.600000 -1.000000 -101.000000 0.000000 0.000000
49 1547499552 39.200000 -1.000000 -101.000000 0.000000 0.000000
49 1547499553 39.200000 -1.000000 -101.000000 0.000000 0.000000
49 1547499554 39.200000 -1.000000 -101.000000 0.000000 0.000000
49 1547499555 39.200000 -1.000000 -101.000000 0.000000 0.000000
52 1547499551 22.400000 -1.000000 -101.000000 0.000000 0.000000
52 1547499552 39.600000 -1.000000 -101.000000 0.000000 0.000000
52 1547499553 39.600000 -1.000000 -101.000000 0.000000 0.000000
52 1547499554 39.600000 -1.000000 -101.000000 0.000000 0.000000
52 1547499555 39.600000 -1.000000 -101.000000 0.000000 0.000000
49 1547499556 39.200000 -1.000000 -101.000000 0.000000 0.000000
49 1547499557 29.200000 -1.000000 -101.000000 0.000000 0.000000
49 1547499558 29.200000 -1.000000 -101.000000 0.000000 0.000000
49 1547499559 29.200000 -1.000000 -101.000000 0.000000 0.000000
49 1547499560 29.200000 -1.000000 -101.000000 0.000000 0.000000
52 1547499556 39.600000 -1.000000 -101.000000 0.000000 0.000000
52 1547499557 28.800000 -1.000000 -101.000000 0.000000 0.000000
52 1547499558 28.800000 -1.000000 -101.000000 0.000000 0.000000
52 1547499559 28.800000 -1.000000 -101.000000 0.000000 0.000000
52 1547499560 28.800000 -1.000000 -101.000000 0.000000 0.000000
49 1547499561 29.200000 -1.000000 -101.000000 0.000000 0.000000
49 1547499562 19.600000 -1.000000 -101.000000 0.000000 0.000000
49 1547499563 19.600000 -1.000000 -101.000000 0.000000 0.000000
49 1547499564 19.600000 -1.000000 -101.000000 0.000000 0.000000
49 1547499565 19.600000 -1.000000 -101.000000 0.000000 0.000000
52 1547499561 28.800000 -1.000000 -101.000000 0.000000 0.000000
52 1547499562 20.800000 -1.000000 -101.000000 0.000000 0.000000
52 1547499563 20.800000 -1.000000 -101.000000 0.000000 0.000000
52 1547499564 20.800000 -1.000000 -101.000000 0.000000 0.000000
52 1547499565 20.800000 -1.000000 -101.000000 0.000000 0.000000
49 1547499566 19.600000 -1.000000 -101.000000 0.000000 0.000000
49 1547499567 24.800000 -1.000000 -101.000000 0.000000 0.000000
49 1547499568 24.800000 -1.000000 -101.000000 0.000000 0.000000
49 1547499569 24.800000 -1.000000 -101.000000 0.000000 0.000000
49 1547499570 24.800000 -1.000000 -101.000000 0.000000 0.000000
52 1547499566 20.800000 -1.000000 -101.000000 0.000000 0.000000
52 1547499567 26.400000 -1.000000 -101.000000 0.000000 0.000000
52 1547499568 26.400000 -1.000000 -101.000000 0.000000 0.000000
52 1547499569 26.400000 -1.000000 -101.000000 0.000000 0.000000
52 1547499570 26.400000 -1.000000 -101.000000 0.000000 0.000000
49 1547499571 24.800000 -1.000000 -101.000000 0.000000 0.000000
49 1547499572 17.800000 -1.000000 -101.000000 0.000000 0.000000
49 1547499573 17.800000 -1.000000 -101.000000 0.000000 0.000000
49 1547499574 17.800000 -1.000000 -101.000000 0.000000 0.000000
49 1547499575 17.800000 -1.000000 -101.000000 0.000000 0.000000
52 1547499571 26.400000 -1.000000 -101.000000 0.000000 0.000000
52 1547499572 16.800000 -1.000000 -101.000000 0.000000 0.000000
52 1547499573 16.800000 -1.000000 -101.000000 0.000000 0.000000
52 1547499574 16.800000 -1.000000 -101.000000 0.000000 0.000000
52 1547499575 16.800000 -1.000000 -101.000000 0.000000 0.000000
49 1547499576 17.800000 -1.000000 -101.000000 0.000000 0.000000
49 1547499577 19.400000 -1.000000 -101.000000 0.000000 0.000000
49 1547499578 19.400000 -1.000000 -101.000000 0.000000 0.000000
49 1547499579 19.400000 -1.000000 -101.000000 0.000000 0.000000
49 1547499580 19.400000 -1.000000 -101.000000 0.000000 0.000000
52 1547499576 16.800000 -1.000000 -101.000000 0.000000 0.000000
52 1547499577 18.600000 -1.000000 -101.000000 0.000000 0.000000
52 1547499578 18.600000 -1.000000 -101.000000 0.000000 0.000000
52 1547499579 18.600000 -1.000000 -101.000000 0.000000 0.000000
52 1547499580 18.600000 -1.000000 -101.000000 0.000000 0.000000
49 1547499581 19.400000 -1.000000 -101.000000 0.000000 0.000000
49 1547499582 43.200000 -1.000000 -101.000000 0.000000 0.000000
49 1547499583 43.200000 -1.000000 -101.000000 0.000000 0.000000
49 1547499584 43.200000 -1.000000 -101.000000 0.000000 0.000000
49 1547499585 43.200000 -1.000000 -101.000000 0.000000 0.000000
52 1547499581 18.600000 -1.000000 -101.000000 0.000000 0.000000
52 1547499582 42.000000 -1.000000 -101.000000 0.000000 0.000000
52 1547499583 42.000000 -1.000000 -101.000000 0.000000 0.000000
52 1547499584 42.000000 -1.000000 -101.000000 0.000000 0.000000
52 1547499585 42.000000 -1.000000 -101.000000 0.000000 0.000000
49 1547499586 43.200000 -1.000000 -101.000000 0.000000 0.000000
49 1547499587 26.000000 -1.000000 -101.000000 0.000000 0.000000
49 1547499588 26.000000 -1.000000 -101.000000 0.000000 0.000000
49 1547499589 26.000000 -1.000000 -101.000000 0.000000 0.000000
49 1547499590 26.000000 -1.000000 -101.000000 0.000000 0.000000
52 1547499586 42.000000 -1.000000 -101.000000 0.000000 0.000000
52 1547499587 25.400000 -1.000000 -101.000000 0.000000 0.000000
52 1547499588 25.400000 -1.000000 -101.000000 0.000000 0.000000
52 1547499589 25.400000 -1.000000 -101.000000 0.000000 0.000000
52 1547499590 25.400000 -1.000000 -101.000000 0.000000 0.000000
49 1547499591 26.000000 -1.000000 -101.000000 0.000000 0.000000
49 1547499592 15.600000 -1.000000 -101.000000 0.000000 0.000000
49 1547499593 15.600000 -1.000000 -101.000000 0.000000 0.000000
49 1547499594 15.600000 -1.000000 -101.000000 0.000000 0.000000
49 1547499595 15.600000 -1.000000 -101.000000 0.000000 0.000000
52 1547499591 25.400000 -1.000000 -101.000000 0.000000 0.000000
52 1547499592 18.800000 -1.000000 -101.000000 0.000000 0.000000
52 1547499593 18.800000 -1.000000 -101.000000 0.000000 0.000000
52 1547499594 18.800000 -1.000000 -101.000000 0.000000 0.000000
52 1547499595 18.800000 -1.000000 -101.000000 0.000000 0.000000
49 1547499596 15.600000 -1.000000 -101.000000 0.000000 0.000000
49 1547499597 18.400000 -1.000000 -101.000000 0.000000 0.000000
49 1547499598 18.400000 -1.000000 -101.000000 0.000000 0.000000
49 1547499599 18.400000 -1.000000 -101.000000 0.000000 0.000000
49 1547499600 18.400000 -1.000000 -101.000000 0.000000 0.000000
52 1547499596 18.800000 -1.000000 -101.000000 0.000000 0.000000
52 1547499597 19.600000 -1.000000 -101.000000 0.000000 0.000000
52 1547499598 19.600000 -1.000000 -101.000000 0.000000 0.000000
52 1547499599 19.600000 -1.000000 -101.000000 0.000000 0.000000
52 1547499600 19.600000 -1.000000 -101.000000 0.000000 0.000000
49 1547499601 18.400000 -1.000000 -101.000000 0.000000 0.000000
49 1547499602 15.200000 -1.000000 -101.000000 0.000000 0.000000
49 1547499603 15.200000 -1.000000 -101.000000 0.000000 0.000000
49 1547499604 15.200000 -1.000000 -101.000000 0.000000 0.000000
49 1547499605 15.200000 -1.000000 -101.000000 0.000000 0.000000
52 1547499601 19.600000 -1.000000 -101.000000 0.000000 0.000000
52 1547499602 12.200000 -1.000000 -101.000000 0.000000 0.000000
52 1547499603 12.200000 -1.000000 -101.000000 0.000000 0.000000
52 1547499604 12.200000 -1.000000 -101.000000 0.000000 0.000000
52 1547499605 12.200000 -1.000000 -101.000000 0.000000 0.000000
49 1547499606 15.200000 -1.000000 -101.000000 0.000000 0.000000
49 1547499607 18.400000 -1.000000 -101.000000 0.000000 0.000000
49 1547499608 18.400000 -1.000000 -101.000000 0.000000 0.000000
49 1547499609 18.400000 -1.000000 -101.000000 0.000000 0.000000
49 1547499610 18.400000 -1.000000 -101.000000 0.000000 0.000000
52 1547499606 12.200000 -1.000000 -101.000000 0.000000 0.000000
52 1547499607 17.400000 -1.000000 -101.000000 0.000000 0.000000
52 1547499608 17.400000 -1.000000 -101.000000 0.000000 0.000000
52 1547499609 17.400000 -1.000000 -101.000000 0.000000 0.000000
52 1547499610 17.400000 -1.000000 -101.000000 0.000000 0.000000
49 1547499611 18.400000 -1.000000 -101.000000 0.000000 0.000000
49 1547499612 50.400000 -1.000000 -101.000000 0.000000 0.000000
49 1547499613 50.400000 -1.000000 -101.000000 0.000000 0.000000
49 1547499614 50.400000 -1.000000 -101.000000 0.000000 0.000000
49 1547499615 50.400000 -1.000000 -101.000000 0.000000 0.000000
52 1547499611 17.400000 -1.000000 -101.000000 0.000000 0.000000
52 1547499612 51.000000 -1.000000 -101.000000 0.000000 0.000000
52 1547499613 51.000000 -1.000000 -101.000000 0.000000 0.000000
52 1547499614 51.000000 -1.000000 -101.000000 0.000000 0.000000
52 1547499615 51.000000 -1.000000 -101.000000 0.000000 0.000000
49 1547499616 50.400000 -1.000000 -101.000000 0.000000 0.000000
49 1547499617 25.600000 -1.000000 -101.000000 0.000000 0.000000
49 1547499618 25.600000 -1.000000 -101.000000 0.000000 0.000000
49 1547499619 25.600000 -1.000000 -101.000000 0.000000 0.000000
49 1547499620 25.600000 -1.000000 -101.000000 0.000000 0.000000
52 1547499616 51.000000 -1.000000 -101.000000 0.000000 0.000000
52 1547499617 23.800000 -1.000000 -101.000000 0.000000 0.000000
52 1547499618 23.800000 -1.000000 -101.000000 0.000000 0.000000
52 1547499619 23.800000 -1.000000 -101.000000 0.000000 0.000000
52 1547499620 23.800000 -1.000000 -101.000000 0.000000 0.000000
49 1547499621 25.600000 -1.000000 -101.000000 0.000000 0.000000
49 1547499622 16.000000 -1.000000 -101.000000 0.000000 0.000000
49 1547499623 16.000000 -1.000000 -101.000000 0.000000 0.000000
49 1547499624 16.000000 -1.000000 -101.000000 0.000000 0.000000
49 1547499625 16.000000 -1.000000 -101.000000 0.000000 0.000000
52 1547499621 23.800000 -1.000000 -101.000000 0.000000 0.000000
52 1547499622 17.200000 -1.000000 -101.000000 0.000000 0.000000
52 1547499623 17.200000 -1.000000 -101.000000 0.000000 0.000000
52 1547499624 17.200000 -1.000000 -101.000000 0.000000 0.000000
52 1547499625 17.200000 -1.000000 -101.000000 0.000000 0.000000
49 1547499626 16.000000 -1.000000 -101.000000 0.000000 0.000000
49 1547499627 5.200000 -1.000000 -101.000000 0.000000 0.000000
49 1547499628 5.200000 -1.000000 -101.000000 0.000000 0.000000
49 1547499629 5.200000 -1.000000 -101.000000 0.000000 0.000000
49 1547499630 5.200000 -1.000000 -101.000000 0.000000 0.000000
52 1547499626 17.200000 -1.000000 -101.000000 0.000000 0.000000
52 1547499627 10.800000 -1.000000 -101.000000 0.000000 0.000000
52 1547499628 10.800000 -1.000000 -101.000000 0.000000 0.000000
52 1547499629 10.800000 -1.000000 -101.000000 0.000000 0.000000
52 1547499630 10.800000 -1.000000 -101.000000 0.000000 0.000000
49 1547499631 5.200000 -1.000000 -101.000000 0.000000 0.000000
49 1547499632 24.800000 -1.000000 -101.000000 0.000000 0.000000
49 1547499633 24.800000 -1.000000 -101.000000 0.000000 0.000000
49 1547499634 24.800000 -1.000000 -101.000000 0.000000 0.000000
49 1547499635 24.800000 -1.000000 -101.000000 0.000000 0.000000
52 1547499631 10.800000 -1.000000 -101.000000 0.000000 0.000000
52 1547499632 19.000000 -1.000000 -101.000000 0.000000 0.000000
52 1547499633 19.000000 -1.000000 -101.000000 0.000000 0.000000
52 1547499634 19.000000 -1.000000 -101.000000 0.000000 0.000000
52 1547499635 19.000000 -1.000000 -101.000000 0.000000 0.000000
49 1547499636 24.800000 -1.000000 -101.000000 0.000000 0.000000
49 1547499637 8.000000 -1.000000 -101.000000 0.000000 0.000000
49 1547499638 8.000000 -1.000000 -101.000000 0.000000 0.000000
49 1547499639 8.000000 -1.000000 -101.000000 0.000000 0.000000
49 1547499640 8.000000 -1.000000 -101.000000 0.000000 0.000000
52 1547499636 19.000000 -1.000000 -101.000000 0.000000 0.000000
52 1547499637 9.600000 -1.000000 -101.000000 0.000000 0.000000
52 1547499638 9.600000 -1.000000 -101.000000 0.000000 0.000000
52 1547499639 9.600000 -1.000000 -101.000000 0.000000 0.000000
52 1547499640 9.600000 -1.000000 -101.000000 0.000000 0.000000
49 1547499641 8.000000 -1.000000 -101.000000 0.000000 0.000000
49 1547499642 47.200000 -1.000000 -101.000000 0.000000 0.000000
49 1547499643 47.200000 -1.000000 -101.000000 0.000000 0.000000
49 1547499644 47.200000 -1.000000 -101.000000 0.000000 0.000000
49 1547499645 47.200000 -1.000000 -101.000000 0.000000 0.000000
52 1547499641 9.600000 -1.000000 -101.000000 0.000000 0.000000
52 1547499642 46.000000 -1.000000 -101.000000 0.000000 0.000000
52 1547499643 46.000000 -1.000000 -101.000000 0.000000 0.000000
52 1547499644 46.000000 -1.000000 -101.000000 0.000000 0.000000
52 1547499645 46.000000 -1.000000 -101.000000 0.000000 0.000000
49 1547499646 47.200000 -1.000000 -101.000000 0.000000 0.000000
49 1547499647 35.200000 -1.000000 -101.000000 0.000000 0.000000
49 1547499648 35.200000 -1.000000 -101.000000 0.000000 0.000000
49 1547499649 35.200000 -1.000000 -101.000000 0.000000 0.000000
49 1547499650 35.200000 -1.000000 -101.000000 0.000000 0.000000
52 1547499646 46.000000 -1.000000 -101.000000 0.000000 0.000000
52 1547499647 34.800000 -1.000000 -101.000000 0.000000 0.000000
52 1547499648 34.800000 -1.000000 -101.000000 0.000000 0.000000
52 1547499649 34.800000 -1.000000 -101.000000 0.000000 0.000000
52 1547499650 34.800000 -1.000000 -101.000000 0.000000 0.000000
49 1547499651 35.200000 -1.000000 -101.000000 0.000000 0.000000
49 1547499652 7.600000 -1.000000 -101.000000 0.000000 0.000000
49 1547499653 7.600000 -1.000000 -101.000000 0.000000 0.000000
49 1547499654 7.600000 -1.000000 -101.000000 0.000000 0.000000
49 1547499655 7.600000 -1.000000 -101.000000 0.000000 0.000000
52 1547499651 34.800000 -1.000000 -101.000000 0.000000 0.000000
52 1547499652 7.800000 -1.000000 -101.000000 0.000000 0.000000
52 1547499653 7.800000 -1.000000 -101.000000 0.000000 0.000000
52 1547499654 7.800000 -1.000000 -101.000000 0.000000 0.000000
52 1547499655 7.800000 -1.000000 -101.000000 0.000000 0.000000
49 1547499656 7.600000 -1.000000 -101.000000 0.000000 0.000000
49 1547499657 23.200000 -1.000000 -101.000000 0.000000 0.000000
49 1547499658 23.200000 -1.000000 -101.000000 0.000000 0.000000
49 1547499659 23.200000 -1.000000 -101.000000 0.000000 0.000000
49 1547499660 23.200000 -1.000000 -101.000000 0.000000 0.000000
52 1547499656 7.800000 -1.000000 -101.000000 0.000000 0.000000
52 1547499657 29.200000 -1.000000 -101.000000 0.000000 0.000000
52 1547499658 29.200000 -1.000000 -101.000000 0.000000 0.000000
52 1547499659 29.200000 -1.000000 -101.000000 0.000000 0.000000
52 1547499660 29.200000 -1.000000 -101.000000 0.000000 0.000000
49 1547499661 23.200000 -1.000000 -101.000000 0.000000 0.000000
49 1547499662 6.800000 -1.000000 -101.000000 0.000000 0.000000
49 1547499663 6.800000 -1.000000 -101.000000 0.000000 0.000000
49 1547499664 6.800000 -1.000000 -101.000000 0.000000 0.000000
49 1547499665 6.800000 -1.000000 -101.000000 0.000000 0.000000
52 1547499661 29.200000 -1.000000 -101.000000 0.000000 0.000000
52 1547499662 2.000000 -1.000000 -101.000000 0.000000 0.000000
52 1547499663 2.000000 -1.000000 -101.000000 0.000000 0.000000
52 1547499664 2.000000 -1.000000 -101.000000 0.000000 0.000000
52 1547499665 2.000000 -1.000000 -101.000000 0.000000 0.000000
49 1547499666 6.800000 -1.000000 -101.000000 0.000000 0.000000
49 1547499667 13.600000 -1.000000 -101.000000 0.000000 0.000000
49 1547499668 13.600000 -1.000000 -101.000000 0.000000 0.000000
49 1547499669 13.600000 -1.000000 -101.000000 0.000000 0.000000
49 1547499670 13.600000 -1.000000 -101.000000 0.000000 0.000000
49 1547499671 13.600000 -1.000000 -101.000000 0.000000 0.000000
49 1547499672 35.600000 -1.000000 -101.000000 0.000000 0.000000
49 1547499673 35.600000 -1.000000 -101.000000 0.000000 0.000000
49 1547499674 35.600000 -1.000000 -101.000000 0.000000 0.000000
49 1547499675 35.600000 -1.000000 -101.000000 0.000000 0.000000
49 1547499676 35.600000 -1.000000 -101.000000 0.000000 0.000000
49 1547499677 49.400000 -1.000000 -101.000000 0.000000 0.000000
49 1547499678 49.400000 -1.000000 -101.000000 0.000000 0.000000
49 1547499679 49.400000 -1.000000 -101.000000 0.000000 0.000000
49 1547499680 49.400000 -1.000000 -101.000000 0.000000 0.000000
49 1547499681 49.400000 -1.000000 -101.000000 0.000000 0.000000
49 1547499682 11.000000 -1.000000 -101.000000 0.000000 0.000000
49 1547499683 11.000000 -1.000000 -101.000000 0.000000 0.000000
49 1547499684 11.000000 -1.000000 -101.000000 0.000000 0.000000
49 1547499685 11.000000 -1.000000 -101.000000 0.000000 0.000000
49 1547499686 11.000000 -1.000000 -101.000000 0.000000 0.000000
49 1547499687 1.200000 -1.000000 -101.000000 0.000000 0.000000
49 1547499688 1.200000 -1.000000 -101.000000 0.000000 0.000000
49 1547499689 1.200000 -1.000000 -101.000000 0.000000 0.000000
49 1547499690 1.200000 -1.000000 -101.000000 0.000000 0.000000
49 1547499691 1.200000 -1.000000 -101.000000 0.000000 0.000000
49 1547499692 17.600000 -1.000000 -101.000000 0.000000 0.000000
49 1547499693 17.600000 -1.000000 -101.000000 0.000000 0.000000
49 1547499694 17.600000 -1.000000 -101.000000 0.000000 0.000000
49 1547499695 17.600000 -1.000000 -101.000000 0.000000 0.000000
52 1547499666 2.000000 -1.000000 -101.000000 0.000000 0.000000
52 1547499667 11.600000 -1.000000 -101.000000 0.000000 0.000000
52 1547499668 11.600000 -1.000000 -101.000000 0.000000 0.000000
52 1547499669 11.600000 -1.000000 -101.000000 0.000000 0.000000
52 1547499670 11.600000 -1.000000 -101.000000 0.000000 0.000000
52 1547499671 11.600000 -1.000000 -101.000000 0.000000 0.000000
52 1547499672 39.000000 -1.000000 -101.000000 0.000000 0.000000
52 1547499673 39.000000 -1.000000 -101.000000 0.000000 0.000000
52 1547499674 39.000000 -1.000000 -101.000000 0.000000 0.000000
52 1547499675 39.000000 -1.000000 -101.000000 0.000000 0.000000
52 1547499676 39.000000 -1.000000 -101.000000 0.000000 0.000000
52 1547499677 49.400000 -1.000000 -101.000000 0.000000 0.000000
52 1547499678 49.400000 -1.000000 -101.000000 0.000000 0.000000
52 1547499679 49.400000 -1.000000 -101.000000 0.000000 0.000000
52 1547499680 49.400000 -1.000000 -101.000000 0.000000 0.000000
52 1547499681 49.400000 -1.000000 -101.000000 0.000000 0.000000
52 1547499682 14.000000 -1.000000 -101.000000 0.000000 0.000000
52 1547499683 14.000000 -1.000000 -101.000000 0.000000 0.000000
52 1547499684 14.000000 -1.000000 -101.000000 0.000000 0.000000
52 1547499685 14.000000 -1.000000 -101.000000 0.000000 0.000000
52 1547499686 14.000000 -1.000000 -101.000000 0.000000 0.000000
52 1547499687 12.400000 -1.000000 -101.000000 0.000000 0.000000
52 1547499688 12.400000 -1.000000 -101.000000 0.000000 0.000000
52 1547499689 12.400000 -1.000000 -101.000000 0.000000 0.000000
52 1547499690 12.400000 -1.000000 -101.000000 0.000000 0.000000
52 1547499691 12.400000 -1.000000 -101.000000 0.000000 0.000000
52 1547499692 12.400000 -1.000000 -101.000000 0.000000 0.000000
52 1547499693 12.400000 -1.000000 -101.000000 0.000000 0.000000
52 1547499694 12.400000 -1.000000 -101.000000 0.000000 0.000000
52 1547499695 12.400000 -1.000000 -101.000000 0.000000 0.000000
52 1547499696 12.400000 -1.000000 -101.000000 0.000000 0.000000
52 1547499697 20.000000 -1.000000 -101.000000 0.000000 0.000000
52 1547499698 20.000000 -1.000000 -101.000000 0.000000 0.000000
52 1547499699 20.000000 -1.000000 -101.000000 0.000000 0.000000
52 1547499700 20.000000 -1.000000 -101.000000 0.000000 0.000000
49 1547499696 17.600000 -1.000000 -101.000000 0.000000 0.000000
49 1547499697 12.000000 -1.000000 -101.000000 0.000000 0.000000
49 1547499698 12.000000 -1.000000 -101.000000 0.000000 0.000000
49 1547499699 12.000000 -1.000000 -101.000000 0.000000 0.000000
49 1547499700 12.000000 -1.000000 -101.000000 0.000000 0.000000
49 1547499701 12.000000 -1.000000 -101.000000 0.000000 0.000000
49 1547499702 4.800000 -1.000000 -101.000000 0.000000 0.000000
49 1547499703 4.800000 -1.000000 -101.000000 0.000000 0.000000
49 1547499704 4.800000 -1.000000 -101.000000 0.000000 0.000000
49 1547499705 4.800000 -1.000000 -101.000000 0.000000 0.000000
52 1547499701 20.000000 -1.000000 -101.000000 0.000000 0.000000
52 1547499702 26.800000 -1.000000 -101.000000 0.000000 0.000000
52 1547499703 26.800000 -1.000000 -101.000000 0.000000 0.000000
52 1547499704 26.800000 -1.000000 -101.000000 0.000000 0.000000
52 1547499705 26.800000 -1.000000 -101.000000 0.000000 0.000000
49 1547499706 4.800000 -1.000000 -101.000000 0.000000 0.000000
49 1547499707 27.600000 -1.000000 -101.000000 0.000000 0.000000
49 1547499708 27.600000 -1.000000 -101.000000 0.000000 0.000000
49 1547499709 27.600000 -1.000000 -101.000000 0.000000 0.000000
49 1547499710 27.600000 -1.000000 -101.000000 0.000000 0.000000
49 1547499711 27.600000 -1.000000 -101.000000 0.000000 0.000000
49 1547499712 0.400000 -1.000000 -101.000000 0.000000 0.000000
49 1547499713 0.400000 -1.000000 -101.000000 0.000000 0.000000
49 1547499714 0.400000 -1.000000 -101.000000 0.000000 0.000000
49 1547499715 0.400000 -1.000000 -101.000000 0.000000 0.000000
52 1547499706 26.800000 -1.000000 -101.000000 0.000000 0.000000
52 1547499707 33.400000 -1.000000 -101.000000 0.000000 0.000000
52 1547499708 33.400000 -1.000000 -101.000000 0.000000 0.000000
52 1547499709 33.400000 -1.000000 -101.000000 0.000000 0.000000
52 1547499710 33.400000 -1.000000 -101.000000 0.000000 0.000000
52 1547499711 33.400000 -1.000000 -101.000000 0.000000 0.000000
52 1547499712 1.600000 -1.000000 -101.000000 0.000000 0.000000
52 1547499713 1.600000 -1.000000 -101.000000 0.000000 0.000000
52 1547499714 1.600000 -1.000000 -101.000000 0.000000 0.000000
52 1547499715 1.600000 -1.000000 -101.000000 0.000000 0.000000
49 1547499716 0.400000 -1.000000 -101.000000 0.000000 0.000000
49 1547499717 3.600000 -1.000000 -101.000000 0.000000 0.000000
49 1547499718 3.600000 -1.000000 -101.000000 0.000000 0.000000
49 1547499719 3.600000 -1.000000 -101.000000 0.000000 0.000000
49 1547499720 3.600000 -1.000000 -101.000000 0.000000 0.000000
52 1547499716 1.600000 -1.000000 -101.000000 0.000000 0.000000
52 1547499717 6.000000 -1.000000 -101.000000 0.000000 0.000000
52 1547499718 6.000000 -1.000000 -101.000000 0.000000 0.000000
52 1547499719 6.000000 -1.000000 -101.000000 0.000000 0.000000
52 1547499720 6.000000 -1.000000 -101.000000 0.000000 0.000000
52 1547499721 6.000000 -1.000000 -101.000000 0.000000 0.000000
52 1547499722 23.200000 -1.000000 -101.000000 0.000000 0.000000
52 1547499723 23.200000 -1.000000 -101.000000 0.000000 0.000000
52 1547499724 23.200000 -1.000000 -101.000000 0.000000 0.000000
52 1547499725 23.200000 -1.000000 -101.000000 0.000000 0.000000
49 1547499721 3.600000 -1.000000 -101.000000 0.000000 0.000000
49 1547499722 3.200000 -1.000000 -101.000000 0.000000 0.000000
49 1547499723 3.200000 -1.000000 -101.000000 0.000000 0.000000
49 1547499724 3.200000 -1.000000 -101.000000 0.000000 0.000000
49 1547499725 3.200000 -1.000000 -101.000000 0.000000 0.000000
49 1547499726 3.200000 -1.000000 -101.000000 0.000000 0.000000
49 1547499727 1.600000 -1.000000 -101.000000 0.000000 0.000000
49 1547499728 1.600000 -1.000000 -101.000000 0.000000 0.000000
49 1547499729 1.600000 -1.000000 -101.000000 0.000000 0.000000
49 1547499730 1.600000 -1.000000 -101.000000 0.000000 0.000000
49 1547499731 1.600000 -1.000000 -101.000000 0.000000 0.000000
52 1547499726 23.200000 -1.000000 -101.000000 0.000000 0.000000
52 1547499727 6.600000 -1.000000 -101.000000 0.000000 0.000000
52 1547499728 6.600000 -1.000000 -101.000000 0.000000 0.000000
52 1547499729 6.600000 -1.000000 -101.000000 0.000000 0.000000
52 1547499730 6.600000 -1.000000 -101.000000 0.000000 0.000000
52 1547499731 6.600000 -1.000000 -101.000000 0.000000 0.000000
49 1547499737 3.800000 -1.000000 -101.000000 0.000000 0.000000
49 1547499738 3.800000 -1.000000 -101.000000 0.000000 0.000000
49 1547499739 3.800000 -1.000000 -101.000000 0.000000 0.000000
49 1547499740 3.800000 -1.000000 -101.000000 0.000000 0.000000
49 1547499741 3.800000 -1.000000 -101.000000 0.000000 0.000000
52 1547499737 1.200000 -1.000000 -101.000000 0.000000 0.000000
52 1547499738 1.200000 -1.000000 -101.000000 0.000000 0.000000
52 1547499739 1.200000 -1.000000 -101.000000 0.000000 0.000000
52 1547499740 1.200000 -1.000000 -101.000000 0.000000 0.000000
52 1547499741 1.200000 -1.000000 -101.000000 0.000000 0.000000
52 1547499742 3.000000 -1.000000 -101.000000 0.000000 0.000000
52 1547499805 2.750000 -1.000000 2.750000 2.750000 1.512500
52 1547499804 2.750000 -1.000000 2.750000 2.750000 1.512500
52 1547499803 2.750000 -1.000000 2.750000 2.750000 1.512500
52 1547499802 2.750000 -1.000000 2.750000 2.750000 1.512500
52 1547499796 3.200000 -1.000000 3.200000 3.200000 2.048000
52 1547499795 3.200000 -1.000000 3.200000 3.200000 2.048000
52 1547499794 3.200000 -1.000000 3.200000 3.200000 2.048000
52 1547499793 3.200000 -1.000000 3.200000 3.200000 2.048000
52 1547499792 3.200000 -1.000000 3.200000 3.200000 2.048000
52 1547499791 0.600000 -1.000000 0.600000 0.600000 0.072000
52 1547499790 0.600000 -1.000000 0.600000 0.600000 0.072000
52 1547499789 0.600000 -1.000000 0.600000 0.600000 0.072000
52 1547499788 0.600000 -1.000000 0.600000 0.600000 0.072000
52 1547499787 0.600000 -1.000000 0.600000 0.600000 0.072000
52 1547499786 6.600000 -1.000000 6.600000 6.600000 8.712000
52 1547499785 6.600000 -1.000000 6.600000 6.600000 8.712000
52 1547499784 6.600000 -1.000000 6.600000 6.600000 8.712000
52 1547499783 6.600000 -1.000000 6.600000 6.600000 8.712000
52 1547499782 6.600000 -1.000000 6.600000 6.600000 8.712000
52 1547499781 3.400000 -1.000000 3.400000 3.400000 2.312000
52 1547499780 3.400000 -1.000000 3.400000 3.400000 2.312000
52 1547499779 3.400000 -1.000000 3.400000 3.400000 2.312000
52 1547499778 3.400000 -1.000000 3.400000 3.400000 2.312000
52 1547499777 3.400000 -1.000000 3.400000 3.400000 2.312000
52 1547499771 2.400000 -1.000000 2.400000 2.400000 1.152000
52 1547499770 2.400000 -1.000000 2.400000 2.400000 1.152000
52 1547499769 2.400000 -1.000000 2.400000 2.400000 1.152000
52 1547499768 2.400000 -1.000000 2.400000 2.400000 1.152000
52 1547499767 2.400000 -1.000000 2.400000 2.400000 1.152000
52 1547499761 2.800000 -1.000000 2.800000 2.800000 1.568000
52 1547499760 2.800000 -1.000000 2.800000 2.800000 1.568000
52 1547499759 2.800000 -1.000000 2.800000 2.800000 1.568000
52 1547499758 2.800000 -1.000000 2.800000 2.800000 1.568000
52 1547499757 2.800000 -1.000000 2.800000 2.800000 1.568000
52 1547499756 0.200000 -1.000000 0.200000 0.200000 0.008000
52 1547499755 0.200000 -1.000000 0.200000 0.200000 0.008000
52 1547499754 0.200000 -1.000000 0.200000 0.200000 0.008000
52 1547499753 0.200000 -1.000000 0.200000 0.200000 0.008000
52 1547499752 0.200000 -1.000000 0.200000 0.200000 0.008000
52 1547499751 1.200000 -1.000000 1.200000 1.200000 0.288000
52 1547499750 1.200000 -1.000000 1.200000 1.200000 0.288000
52 1547499749 1.200000 -1.000000 1.200000 1.200000 0.288000
52 1547499748 1.200000 -1.000000 1.200000 1.200000 0.288000
52 1547499747 1.200000 -1.000000 1.200000 1.200000 0.288000
52 1547499746 3.000000 -1.000000 3.000000 3.000000 1.800000
52 1547499745 3.000000 -1.000000 3.000000 3.000000 1.800000
52 1547499744 3.000000 -1.000000 3.000000 3.000000 1.800000
52 1547499743 3.000000 -1.000000 3.000000 3.000000 1.800000
49 1547499801 0.400000 -1.000000 0.400000 0.400000 0.032000
49 1547499800 0.400000 -1.000000 0.400000 0.400000 0.032000
49 1547499799 0.400000 -1.000000 0.400000 0.400000 0.032000
49 1547499798 0.400000 -1.000000 0.400000 0.400000 0.032000
49 1547499797 0.400000 -1.000000 0.400000 0.400000 0.032000
49 1547499791 2.000000 -1.000000 2.000000 2.000000 0.800000
49 1547499790 2.000000 -1.000000 2.000000 2.000000 0.800000
49 1547499789 2.000000 -1.000000 2.000000 2.000000 0.800000
49 1547499788 2.000000 -1.000000 2.000000 2.000000 0.800000
49 1547499787 2.000000 -1.000000 2.000000 2.000000 0.800000
49 1547499781 2.400000 -1.000000 2.400000 2.400000 1.152000
49 1547499780 2.400000 -1.000000 2.400000 2.400000 1.152000
49 1547499779 2.400000 -1.000000 2.400000 2.400000 1.152000
49 1547499778 2.400000 -1.000000 2.400000 2.400000 1.152000
49 1547499777 2.400000 -1.000000 2.400000 2.400000 1.152000
49 1547499776 1.600000 -1.000000 1.600000 1.600000 0.512000
49 1547499775 1.600000 -1.000000 1.600000 1.600000 0.512000
49 1547499774 1.600000 -1.000000 1.600000 1.600000 0.512000
49 1547499773 1.600000 -1.000000 1.600000 1.600000 0.512000
49 1547499772 1.600000 -1.000000 1.600000 1.600000 0.512000
49 1547499766 7.800000 -1.000000 7.800000 7.800000 12.168000
49 1547499765 7.800000 -1.000000 7.800000 7.800000 12.168000
49 1547499764 7.800000 -1.000000 7.800000 7.800000 12.168000
49 1547499763 7.800000 -1.000000 7.800000 7.800000 12.168000
49 1547499762 7.800000 -1.000000 7.800000 7.800000 12.168000
49 1547499761 1.600000 -1.000000 1.600000 1.600000 0.512000
49 1547499760 1.600000 -1.000000 1.600000 1.600000 0.512000
49 1547499759 1.600000 -1.000000 1.600000 1.600000 0.512000
49 1547499758 1.600000 -1.000000 1.600000 1.600000 0.512000
49 1547499757 1.600000 -1.000000 1.600000 1.600000 0.512000
49 1547499751 0.400000 -1.000000 0.400000 0.400000 0.032000
49 1547499750 0.400000 -1.000000 0.400000 0.400000 0.032000
49 1547499749 0.400000 -1.000000 0.400000 0.400000 0.032000
49 1547499748 0.400000 -1.000000 0.400000 0.400000 0.032000
49 1547499747 0.400000 -1.000000 0.400000 0.400000 0.032000
49 1547499746 0.400000 -1.000000 0.400000 0.400000 0.032000
49 1547499745 0.400000 -1.000000 0.400000 0.400000 0.032000
49 1547499744 0.400000 -1.000000 0.400000 0.400000 0.032000
49 1547499743 0.400000 -1.000000 0.400000 0.400000 0.032000
49 1547499742 0.400000 -1.000000 0.400000 0.400000 0.032000
